CYRUS2018	 23.68	 20.53	 10.53	 11.58	 7.37	 7.89	 7.89	 3.16	 2.11	 0.53	 2.11	 2.63	 0.0
AHUT-SC	 23.23	 17.17	 11.11	 4.04	 10.1	 5.05	 10.1	 2.02	 4.04	 5.05	 4.04	 4.04	 2.0
CYRUS2018	 21.79	 20.51	 17.95	 6.41	 12.82	 5.13	 3.85	 0.0	 2.56	 1.28	 5.13	 2.56	 0.0
AHUT-SC	 27.61	 20.15	 9.7	 10.45	 8.21	 3.73	 3.73	 2.99	 2.99	 2.99	 4.48	 2.99	 1.0
CYRUS2018	 26.67	 17.5	 12.5	 7.5	 6.67	 7.5	 6.67	 4.17	 3.33	 1.67	 3.33	 2.5	 2.0
AHUT-SC	 17.12	 22.52	 9.91	 14.41	 4.5	 5.41	 1.8	 7.21	 2.7	 3.6	 7.21	 3.6	 0.0
CYRUS2019	 33.24	 25.36	 16.62	 4.66	 4.08	 3.21	 3.5	 2.92	 0.87	 0.0	 3.21	 2.33	 1.0
AHUT-SC	 25.0	 18.75	 8.33	 4.17	 6.25	 4.17	 6.25	 10.42	 2.08	 6.25	 2.08	 6.25	 2.0
CYRUS2019	 34.62	 26.07	 11.97	 6.41	 3.85	 3.85	 2.56	 2.14	 2.56	 1.71	 3.42	 0.85	 0.0
AHUT-SC	 29.67	 17.58	 6.59	 5.49	 4.4	 4.4	 2.2	 2.2	 2.2	 12.09	 9.89	 3.3	 0.0
CYRUS2019	 28.04	 27.51	 15.87	 7.41	 5.29	 2.65	 3.7	 1.06	 2.65	 1.06	 3.17	 1.59	 0.0
AHUT-SC	 27.55	 15.31	 11.22	 6.12	 8.16	 7.14	 3.06	 2.04	 4.08	 5.1	 8.16	 2.04	 2.0
Fractals2019	 37.59	 18.8	 13.53	 7.52	 1.5	 4.51	 4.51	 2.26	 1.5	 2.26	 2.26	 3.76	 0.0
AHUT-SC	 26.5	 14.53	 12.82	 11.11	 6.84	 4.27	 5.13	 2.56	 4.27	 2.56	 5.98	 3.42	 0.0
Fractals2019	 34.91	 23.08	 10.06	 8.88	 1.78	 4.14	 2.37	 1.18	 2.37	 2.37	 3.55	 5.33	 0.0
AHUT-SC	 31.31	 19.19	 10.1	 6.06	 7.07	 5.05	 3.03	 8.08	 3.03	 2.02	 4.04	 1.01	 1.0
Fractals2019	 39.08	 11.49	 13.79	 13.79	 2.3	 1.15	 2.3	 2.3	 3.45	 4.6	 3.45	 2.3	 0.0
AHUT-SC	 23.2	 21.6	 14.4	 4.0	 8.0	 5.6	 3.2	 3.2	 4.0	 3.2	 0.8	 8.8	 2.0
HELIOS2018	 23.48	 16.52	 10.43	 11.3	 5.22	 6.96	 5.22	 6.96	 5.22	 3.48	 2.61	 2.61	 2.0
AHUT-SC	 28.12	 25.0	 9.38	 6.25	 0.0	 9.38	 3.12	 3.12	 3.12	 3.12	 6.25	 3.12	 0.0
HELIOS2018	 24.48	 17.19	 9.38	 9.38	 8.85	 5.21	 5.73	 4.69	 3.12	 5.73	 3.65	 2.6	 2.0
AHUT-SC	 23.08	 23.08	 11.54	 7.69	 3.85	 3.85	 7.69	 0.0	 0.0	 15.38	 0.0	 3.85	 0.0
HELIOS2018	 13.83	 18.09	 11.7	 8.51	 7.45	 5.32	 7.45	 3.19	 7.45	 4.26	 8.51	 4.26	 1.0
AHUT-SC	 26.32	 22.81	 12.28	 10.53	 3.51	 14.04	 1.75	 1.75	 1.75	 5.26	 0.0	 0.0	 0.0
HELIOS2019	 22.97	 12.84	 9.46	 4.73	 8.11	 13.51	 9.46	 2.7	 7.43	 3.38	 2.7	 2.7	 0.0
AHUT-SC	 35.14	 13.51	 5.41	 5.41	 8.11	 13.51	 5.41	 0.0	 8.11	 2.7	 0.0	 2.7	 1.0
HELIOS2019	 26.83	 17.68	 10.37	 10.98	 4.27	 5.49	 7.93	 5.49	 2.44	 4.88	 1.83	 1.83	 1.0
AHUT-SC	 33.33	 16.67	 14.29	 9.52	 4.76	 4.76	 2.38	 4.76	 2.38	 2.38	 2.38	 2.38	 0.0
HELIOS2019	 17.65	 20.59	 13.73	 10.78	 5.88	 4.9	 4.9	 2.94	 2.94	 3.92	 3.92	 7.84	 0.0
AHUT-SC	 24.75	 18.81	 8.91	 10.89	 3.96	 5.94	 6.93	 2.97	 5.94	 6.93	 0.99	 2.97	 0.0
MT2018SJB	 32.2	 12.68	 10.24	 10.24	 7.8	 6.83	 4.39	 3.9	 3.41	 2.93	 2.44	 2.93	 0.0
AHUT-SC	 17.65	 21.18	 12.94	 4.71	 5.88	 7.06	 3.53	 9.41	 3.53	 2.35	 5.88	 5.88	 2.0
MT2018SJB	 30.82	 12.33	 12.33	 6.16	 5.48	 8.9	 7.53	 3.42	 5.48	 2.74	 2.05	 2.74	 0.0
AHUT-SC	 32.84	 14.93	 13.43	 5.97	 4.48	 5.97	 5.97	 4.48	 1.49	 5.97	 1.49	 2.99	 1.0
MT2018SJB	 25.26	 21.05	 13.68	 4.21	 4.21	 11.58	 3.16	 2.11	 4.21	 4.21	 3.16	 3.16	 0.0
AHUT-SC	 30.3	 18.18	 6.06	 3.03	 3.03	 6.06	 6.06	 9.09	 6.06	 4.55	 7.58	 0.0	 4.0
YS-NB190321nv	 25.25	 15.15	 9.09	 11.11	 7.07	 4.04	 7.07	 7.07	 3.03	 5.05	 2.02	 4.04	 3.0
Alice	 23.33	 26.67	 6.67	 13.33	 6.67	 6.67	 6.67	 3.33	 3.33	 0.0	 0.0	 3.33	 0.0
YS-NB190321nv	 26.13	 15.32	 15.32	 9.91	 4.5	 7.21	 5.41	 2.7	 4.5	 3.6	 0.9	 4.5	 0.0
Alice	 19.23	 23.08	 15.38	 3.85	 3.85	 11.54	 7.69	 0.0	 7.69	 7.69	 0.0	 0.0	 2.0
YS-NB190321nv	 21.3	 12.04	 9.26	 6.48	 3.7	 11.11	 7.41	 6.48	 8.33	 5.56	 1.85	 6.48	 0.0
Alice	 33.33	 24.24	 9.09	 9.09	 0.0	 6.06	 0.0	 9.09	 0.0	 3.03	 6.06	 0.0	 2.0
YS-NB190321nv	 24.39	 18.29	 12.2	 12.2	 4.88	 6.1	 2.44	 3.66	 4.88	 1.22	 2.44	 7.32	 0.0
Alice	 34.29	 14.29	 11.43	 2.86	 8.57	 5.71	 8.57	 5.71	 2.86	 2.86	 2.86	 0.0	 1.0
YS-NB190321nv	 37.7	 21.31	 4.92	 3.28	 1.64	 4.92	 8.2	 4.92	 4.92	 3.28	 3.28	 1.64	 0.0
Alice	 26.32	 15.79	 13.16	 0.0	 7.89	 10.53	 2.63	 10.53	 2.63	 2.63	 2.63	 5.26	 3.0
YS-NB190321nv	 26.87	 17.91	 7.46	 4.48	 5.97	 5.97	 4.48	 5.97	 5.97	 8.96	 4.48	 1.49	 0.0
Alice	 23.64	 18.18	 18.18	 14.55	 1.82	 5.45	 7.27	 3.64	 1.82	 1.82	 1.82	 1.82	 0.0
YS-NB190321nv	 27.54	 10.87	 9.42	 8.7	 10.87	 5.07	 5.07	 5.07	 7.25	 2.17	 2.17	 5.8	 1.0
Alice	 30.0	 15.0	 12.5	 12.5	 2.5	 0.0	 12.5	 5.0	 5.0	 0.0	 5.0	 0.0	 1.0
YS-NB190321nv	 32.56	 17.44	 9.3	 6.98	 5.81	 3.49	 4.65	 3.49	 2.33	 5.81	 5.81	 2.33	 1.0
Alice	 34.04	 23.4	 8.51	 6.38	 4.26	 2.13	 8.51	 6.38	 2.13	 4.26	 0.0	 0.0	 1.0
YS-NB190321nv	 37.04	 15.74	 9.26	 8.33	 8.33	 1.85	 1.85	 1.85	 5.56	 2.78	 3.7	 3.7	 0.0
Alice	 36.36	 12.12	 15.15	 6.06	 3.03	 6.06	 9.09	 3.03	 0.0	 3.03	 3.03	 3.03	 0.0
YS-NB190321nv	 38.1	 14.29	 11.11	 3.17	 4.76	 3.17	 6.35	 4.76	 3.17	 3.17	 1.59	 6.35	 0.0
Alice	 38.46	 3.85	 26.92	 7.69	 3.85	 0.0	 0.0	 7.69	 3.85	 0.0	 3.85	 3.85	 1.0
YS-NB190321nv	 31.62	 16.24	 11.97	 6.84	 7.69	 5.13	 2.56	 5.13	 5.13	 2.56	 3.42	 1.71	 2.0
Alice	 22.5	 17.5	 7.5	 10.0	 5.0	 5.0	 10.0	 7.5	 7.5	 2.5	 5.0	 0.0	 1.0
YS-NB190321nv	 26.47	 13.24	 5.88	 10.29	 8.82	 8.82	 4.41	 7.35	 5.88	 4.41	 2.94	 1.47	 0.0
Alice	 23.21	 17.86	 12.5	 12.5	 3.57	 5.36	 12.5	 1.79	 1.79	 3.57	 5.36	 0.0	 1.0
YS-NB190321nv	 35.86	 17.93	 10.34	 7.59	 2.76	 6.21	 4.14	 1.38	 2.76	 5.52	 3.45	 2.07	 2.0
Alice	 31.37	 27.45	 5.88	 9.8	 1.96	 3.92	 1.96	 3.92	 1.96	 5.88	 1.96	 3.92	 1.0
YS-NB190321nv	 34.62	 11.54	 1.92	 9.62	 13.46	 3.85	 1.92	 1.92	 11.54	 3.85	 0.0	 5.77	 0.0
Alice	 26.53	 10.2	 16.33	 8.16	 10.2	 8.16	 6.12	 2.04	 4.08	 2.04	 2.04	 4.08	 1.0
YS-NB190321nv	 25.56	 13.33	 11.11	 8.89	 7.78	 8.89	 3.33	 4.44	 3.33	 3.33	 4.44	 5.56	 0.0
Alice	 24.49	 22.45	 12.24	 10.2	 4.08	 4.08	 2.04	 6.12	 0.0	 2.04	 8.16	 4.08	 0.0
YS-NB190321nv	 24.36	 15.38	 14.1	 11.54	 1.28	 8.97	 3.85	 6.41	 3.85	 2.56	 5.13	 2.56	 0.0
Alice	 31.91	 19.15	 8.51	 10.64	 6.38	 2.13	 2.13	 6.38	 0.0	 4.26	 4.26	 4.26	 2.0
YS-NB190321nv	 36.23	 7.25	 5.8	 8.7	 8.7	 2.9	 7.25	 4.35	 4.35	 4.35	 7.25	 2.9	 2.0
Alice	 29.73	 16.22	 10.81	 10.81	 13.51	 5.41	 2.7	 2.7	 5.41	 0.0	 2.7	 0.0	 0.0
YS-NB190321nv	 32.81	 15.62	 14.06	 6.25	 1.56	 9.38	 4.69	 9.38	 1.56	 3.12	 1.56	 0.0	 1.0
Alice	 36.51	 25.4	 6.35	 3.17	 11.11	 3.17	 6.35	 1.59	 0.0	 1.59	 1.59	 3.17	 0.0
YS-NB190321nv	 28.57	 16.33	 12.24	 6.12	 5.1	 4.08	 6.12	 4.08	 4.08	 4.08	 5.1	 4.08	 0.0
Alice	 35.42	 20.83	 12.5	 12.5	 4.17	 0.0	 4.17	 2.08	 0.0	 8.33	 0.0	 0.0	 2.0
YS-NB190321nv	 36.94	 9.01	 10.81	 7.21	 7.21	 8.11	 3.6	 1.8	 3.6	 3.6	 3.6	 4.5	 0.0
Alice	 25.93	 14.81	 14.81	 7.41	 3.7	 0.0	 3.7	 14.81	 7.41	 0.0	 7.41	 0.0	 1.0
YS-NB190321nv	 30.19	 18.87	 14.15	 8.49	 10.38	 4.72	 0.94	 2.83	 2.83	 4.72	 0.0	 1.89	 1.0
Alice	 52.94	 14.71	 5.88	 5.88	 0.0	 5.88	 2.94	 0.0	 5.88	 2.94	 2.94	 0.0	 1.0
YS-NB190321nv	 29.58	 15.49	 5.63	 7.04	 1.41	 4.23	 7.04	 7.04	 8.45	 4.23	 5.63	 4.23	 0.0
Alice	 32.5	 17.5	 12.5	 7.5	 10.0	 10.0	 2.5	 2.5	 0.0	 0.0	 5.0	 0.0	 0.0
YS-NB190321nv	 33.33	 16.3	 11.11	 4.44	 5.19	 8.15	 7.41	 3.7	 2.96	 3.7	 1.48	 2.22	 1.0
Alice	 28.57	 26.19	 11.9	 14.29	 2.38	 4.76	 0.0	 0.0	 2.38	 0.0	 2.38	 7.14	 3.0
YS-NB190321nv	 29.27	 10.98	 12.2	 6.1	 4.88	 4.88	 2.44	 0.0	 2.44	 8.54	 8.54	 9.76	 0.0
Alice	 20.59	 14.71	 11.76	 8.82	 5.88	 2.94	 8.82	 2.94	 0.0	 5.88	 2.94	 14.71	 1.0
YS-NB190321nv	 23.71	 19.59	 13.4	 6.19	 5.15	 4.12	 5.15	 2.06	 3.09	 2.06	 8.25	 7.22	 1.0
Alice	 25.0	 12.5	 7.14	 17.86	 12.5	 8.93	 7.14	 1.79	 3.57	 0.0	 1.79	 1.79	 0.0
YS-NB190321nv	 32.95	 18.18	 9.09	 6.82	 5.68	 2.27	 9.09	 4.55	 3.41	 2.27	 3.41	 2.27	 0.0
Alice	 35.19	 11.11	 5.56	 3.7	 1.85	 11.11	 5.56	 5.56	 5.56	 5.56	 3.7	 5.56	 2.0
YS-NB190321nv	 34.03	 12.5	 13.19	 3.47	 8.33	 4.17	 5.56	 4.86	 2.08	 4.86	 3.47	 3.47	 2.0
Alice	 39.47	 26.32	 7.89	 2.63	 2.63	 5.26	 5.26	 0.0	 0.0	 7.89	 0.0	 2.63	 2.0
YS-NB190321nv	 30.1	 14.56	 8.74	 8.74	 5.83	 4.85	 4.85	 5.83	 1.94	 4.85	 6.8	 2.91	 0.0
Alice	 43.75	 14.58	 12.5	 4.17	 6.25	 4.17	 4.17	 0.0	 2.08	 4.17	 2.08	 2.08	 1.0
YS-NB190321nv	 28.33	 17.5	 8.33	 14.17	 6.67	 6.67	 4.17	 2.5	 3.33	 1.67	 4.17	 2.5	 0.0
Alice	 20.69	 27.59	 17.24	 10.34	 0.0	 13.79	 0.0	 6.9	 0.0	 0.0	 3.45	 0.0	 2.0
YS-NB190321nv	 28.38	 18.92	 13.51	 6.76	 4.05	 4.05	 2.7	 6.76	 6.76	 4.05	 1.35	 2.7	 1.0
Alice	 41.18	 17.65	 10.29	 5.88	 2.94	 5.88	 2.94	 5.88	 1.47	 1.47	 2.94	 1.47	 2.0
YS-NB190321nv	 20.37	 15.74	 11.11	 13.89	 5.56	 10.19	 8.33	 4.63	 2.78	 3.7	 2.78	 0.93	 0.0
Alice	 28.0	 12.0	 20.0	 16.0	 4.0	 0.0	 8.0	 4.0	 4.0	 4.0	 0.0	 0.0	 2.0
YS-NB190321nv	 42.86	 5.71	 8.57	 10.0	 4.29	 2.86	 1.43	 5.71	 4.29	 7.14	 4.29	 2.86	 1.0
Alice	 20.51	 12.82	 15.38	 12.82	 12.82	 7.69	 5.13	 5.13	 2.56	 2.56	 0.0	 2.56	 2.0
YS-NB190321nv	 36.84	 14.04	 12.28	 8.77	 7.02	 3.51	 7.02	 1.75	 1.75	 1.75	 3.51	 1.75	 0.0
Alice	 33.33	 16.67	 8.33	 3.33	 5.0	 8.33	 5.0	 1.67	 6.67	 0.0	 5.0	 6.67	 3.0
YS-NB190321nv	 31.73	 19.23	 16.35	 6.73	 9.62	 2.88	 4.81	 0.96	 0.0	 0.0	 3.85	 3.85	 1.0
Alice	 30.16	 23.81	 9.52	 3.17	 4.76	 4.76	 7.94	 3.17	 4.76	 3.17	 3.17	 1.59	 1.0
YS-NB190321nv	 24.0	 24.0	 10.67	 4.0	 16.0	 0.0	 2.67	 4.0	 4.0	 4.0	 4.0	 2.67	 0.0
Alice	 31.11	 24.44	 4.44	 8.89	 2.22	 2.22	 8.89	 8.89	 2.22	 2.22	 4.44	 0.0	 0.0
YS-NB190321nv	 35.48	 20.16	 11.29	 4.03	 5.65	 4.03	 4.84	 4.03	 3.23	 3.23	 0.81	 3.23	 1.0
Alice	 24.32	 20.27	 12.16	 14.86	 2.7	 8.11	 2.7	 4.05	 2.7	 2.7	 1.35	 4.05	 1.0
YS-NB190321nv	 14.94	 18.39	 19.54	 5.75	 8.05	 10.34	 2.3	 3.45	 1.15	 3.45	 8.05	 4.6	 1.0
Alice	 38.46	 17.31	 9.62	 3.85	 3.85	 11.54	 1.92	 3.85	 0.0	 5.77	 1.92	 1.92	 0.0
YS-NB190321nv	 37.0	 14.0	 13.0	 9.0	 5.0	 3.0	 2.0	 6.0	 3.0	 2.0	 3.0	 3.0	 1.0
Alice	 34.04	 21.28	 8.51	 17.02	 10.64	 2.13	 2.13	 0.0	 0.0	 2.13	 0.0	 2.13	 1.0
YS-NB190321nv	 28.95	 21.05	 13.16	 5.26	 0.0	 5.26	 5.26	 5.26	 0.0	 10.53	 0.0	 5.26	 0.0
Hfut2018GS	 34.29	 23.81	 9.52	 5.71	 2.86	 2.86	 3.81	 4.76	 5.71	 2.86	 0.95	 2.86	 0.0
YS-NB190321nv	 23.08	 12.82	 7.69	 12.82	 7.69	 7.69	 7.69	 5.13	 5.13	 5.13	 5.13	 0.0	 0.0
Hfut2018GS	 53.75	 12.5	 3.75	 3.75	 2.5	 1.25	 2.5	 1.25	 6.25	 5.0	 3.75	 3.75	 2.0
YS-NB190321nv	 32.5	 17.5	 7.5	 5.0	 7.5	 2.5	 5.0	 2.5	 10.0	 2.5	 2.5	 5.0	 1.0
Hfut2018GS	 30.43	 15.22	 19.57	 11.96	 2.17	 1.09	 1.09	 0.0	 3.26	 6.52	 4.35	 4.35	 2.0
YS-NB190321nv	 24.49	 18.37	 2.04	 0.0	 10.2	 8.16	 6.12	 8.16	 10.2	 4.08	 8.16	 0.0	 0.0
Hfut2018GS	 44.71	 15.29	 9.41	 12.94	 3.53	 4.71	 2.35	 2.35	 1.18	 1.18	 0.0	 2.35	 1.0
YS-NB190321nv	 20.59	 20.59	 11.76	 17.65	 5.88	 2.94	 8.82	 5.88	 0.0	 0.0	 2.94	 2.94	 1.0
Hfut2018GS	 37.9	 16.13	 8.06	 8.06	 3.23	 5.65	 4.84	 4.03	 2.42	 2.42	 3.23	 4.03	 0.0
YS-NB190321nv	 14.63	 19.51	 4.88	 12.2	 19.51	 9.76	 0.0	 2.44	 9.76	 2.44	 2.44	 2.44	 1.0
Hfut2018GS	 37.5	 20.83	 5.56	 9.72	 8.33	 4.17	 1.39	 1.39	 4.17	 0.0	 4.17	 2.78	 1.0
YS-NB190321nv	 26.19	 26.19	 11.9	 0.0	 4.76	 0.0	 9.52	 4.76	 4.76	 4.76	 2.38	 4.76	 1.0
Hfut2018GS	 37.5	 18.75	 12.5	 3.75	 1.25	 3.75	 2.5	 2.5	 3.75	 2.5	 2.5	 8.75	 0.0
YS-NB190321nv	 20.0	 6.67	 13.33	 11.11	 11.11	 4.44	 4.44	 8.89	 8.89	 2.22	 6.67	 2.22	 0.0
Hfut2018GS	 29.41	 18.82	 12.94	 7.06	 3.53	 3.53	 9.41	 1.18	 3.53	 4.71	 3.53	 2.35	 2.0
YS-NB190321nv	 32.69	 17.31	 13.46	 15.38	 7.69	 5.77	 1.92	 1.92	 1.92	 0.0	 1.92	 0.0	 0.0
Hfut2018GS	 22.86	 20.0	 8.57	 10.0	 7.14	 5.71	 2.86	 5.71	 2.86	 2.86	 5.71	 5.71	 0.0
YS-NB190321nv	 26.32	 19.3	 7.02	 5.26	 7.02	 10.53	 1.75	 3.51	 5.26	 3.51	 5.26	 5.26	 0.0
Hfut2018GS	 40.79	 15.79	 5.26	 10.53	 3.95	 3.95	 3.95	 3.95	 2.63	 3.95	 1.32	 3.95	 0.0
YS-NB190321nv	 24.39	 17.07	 4.88	 7.32	 9.76	 2.44	 12.2	 7.32	 7.32	 0.0	 2.44	 4.88	 0.0
Hfut2018GS	 43.33	 21.67	 11.67	 0.83	 3.33	 3.33	 2.5	 5.0	 4.17	 1.67	 1.67	 0.83	 1.0
YS-NB190321nv	 9.09	 15.15	 6.06	 15.15	 9.09	 12.12	 9.09	 0.0	 9.09	 6.06	 9.09	 0.0	 0.0
Hfut2018GS	 34.57	 25.93	 11.11	 3.7	 1.23	 4.94	 1.23	 6.17	 1.23	 2.47	 4.94	 2.47	 0.0
YS-NB190321nv	 16.67	 25.0	 2.78	 8.33	 8.33	 5.56	 5.56	 2.78	 5.56	 5.56	 2.78	 11.11	 1.0
Hfut2018GS	 30.23	 15.12	 15.12	 5.81	 6.98	 4.65	 2.33	 4.65	 4.65	 5.81	 3.49	 1.16	 2.0
YS-NB190321nv	 30.0	 17.5	 2.5	 7.5	 0.0	 10.0	 10.0	 2.5	 7.5	 10.0	 0.0	 2.5	 2.0
Hfut2018GS	 35.9	 10.26	 7.69	 10.26	 2.56	 12.82	 7.69	 2.56	 2.56	 2.56	 2.56	 2.56	 0.0
YS-NB190321nv	 29.69	 15.62	 9.38	 10.94	 4.69	 7.81	 7.81	 0.0	 4.69	 1.56	 0.0	 7.81	 0.0
Hfut2018GS	 32.0	 17.33	 18.67	 4.0	 6.67	 6.67	 0.0	 6.67	 1.33	 4.0	 1.33	 1.33	 2.0
YS-NB190321nv	 26.39	 12.5	 5.56	 6.94	 12.5	 11.11	 6.94	 5.56	 2.78	 5.56	 2.78	 1.39	 2.0
Hfut2018GS	 34.38	 20.31	 15.62	 3.12	 1.56	 6.25	 3.12	 3.12	 4.69	 3.12	 4.69	 0.0	 2.0
YS-NB190321nv	 20.59	 17.65	 11.76	 0.0	 11.76	 11.76	 8.82	 0.0	 2.94	 0.0	 5.88	 8.82	 0.0
Hfut2018GS	 37.5	 14.06	 9.38	 14.06	 6.25	 0.0	 3.12	 4.69	 1.56	 1.56	 1.56	 6.25	 1.0
YS-NB190321nv	 21.28	 12.77	 8.51	 8.51	 4.26	 4.26	 8.51	 10.64	 4.26	 4.26	 8.51	 4.26	 4.0
Hfut2018GS	 39.44	 12.68	 12.68	 5.63	 4.23	 7.04	 2.82	 4.23	 1.41	 1.41	 5.63	 2.82	 0.0
YS-NB190321nv	 34.78	 30.43	 13.04	 0.0	 4.35	 0.0	 0.0	 0.0	 8.7	 4.35	 4.35	 0.0	 0.0
Hfut2018GS	 35.9	 24.36	 7.69	 6.41	 5.13	 5.13	 1.28	 5.13	 0.0	 2.56	 5.13	 1.28	 1.0
YS-NB190321nv	 28.36	 11.94	 13.43	 4.48	 10.45	 4.48	 7.46	 4.48	 1.49	 0.0	 7.46	 5.97	 3.0
Hfut2018GS	 32.88	 21.92	 10.96	 5.48	 2.74	 5.48	 5.48	 0.0	 6.85	 2.74	 2.74	 2.74	 2.0
YS-NB190321nv	 20.0	 18.46	 12.31	 10.77	 4.62	 4.62	 7.69	 3.08	 3.08	 3.08	 3.08	 9.23	 0.0
Hfut2018GS	 44.03	 15.67	 9.7	 7.46	 5.97	 2.24	 3.73	 2.99	 2.24	 2.24	 2.99	 0.75	 0.0
YS-NB190321nv	 20.83	 22.92	 12.5	 4.17	 6.25	 2.08	 4.17	 6.25	 6.25	 6.25	 0.0	 8.33	 0.0
Hfut2018GS	 38.18	 17.27	 16.36	 5.45	 3.64	 5.45	 1.82	 2.73	 0.91	 5.45	 1.82	 0.91	 1.0
YS-NB190321nv	 18.75	 15.62	 6.25	 9.38	 15.62	 6.25	 3.12	 3.12	 3.12	 12.5	 6.25	 0.0	 0.0
Hfut2018GS	 36.11	 18.52	 10.19	 7.41	 4.63	 3.7	 0.93	 5.56	 2.78	 2.78	 3.7	 3.7	 1.0
YS-NB190321nv	 17.14	 22.86	 11.43	 5.71	 14.29	 0.0	 5.71	 2.86	 5.71	 2.86	 2.86	 8.57	 0.0
Hfut2018GS	 40.0	 20.0	 8.89	 6.67	 4.44	 6.67	 0.0	 0.0	 2.22	 6.67	 2.22	 2.22	 1.0
YS-NB190321nv	 25.4	 9.52	 7.94	 7.94	 11.11	 11.11	 6.35	 7.94	 0.0	 4.76	 4.76	 3.17	 1.0
Hfut2018GS	 36.08	 13.4	 12.37	 9.28	 7.22	 8.25	 4.12	 1.03	 0.0	 1.03	 2.06	 5.15	 1.0
YS-NB190321nv	 24.0	 12.0	 0.0	 8.0	 0.0	 16.0	 8.0	 8.0	 12.0	 0.0	 12.0	 0.0	 0.0
Hfut2018GS	 36.76	 16.18	 11.76	 2.94	 5.88	 5.88	 5.88	 4.41	 2.94	 2.94	 2.94	 1.47	 0.0
YS-NB190321nv	 17.19	 9.38	 23.44	 7.81	 1.56	 6.25	 12.5	 3.12	 4.69	 4.69	 3.12	 6.25	 0.0
Hfut2018GS	 35.21	 9.86	 12.68	 5.63	 4.23	 2.82	 4.23	 1.41	 2.82	 5.63	 7.04	 8.45	 0.0
YS-NB190321nv	 31.71	 7.32	 7.32	 19.51	 12.2	 4.88	 2.44	 2.44	 2.44	 0.0	 2.44	 7.32	 0.0
Hfut2018GS	 37.93	 18.97	 10.34	 3.45	 1.72	 5.17	 3.45	 6.9	 8.62	 0.0	 1.72	 1.72	 1.0
YS-NB190321nv	 27.78	 16.67	 8.33	 8.33	 2.78	 5.56	 5.56	 5.56	 5.56	 2.78	 2.78	 8.33	 2.0
Hfut2018GS	 39.39	 13.64	 13.64	 13.64	 3.03	 4.55	 1.52	 1.52	 6.06	 0.0	 1.52	 1.52	 1.0
YS-NB190321nv	 23.26	 16.28	 16.28	 9.3	 4.65	 6.98	 4.65	 0.0	 2.33	 2.33	 4.65	 9.3	 0.0
Hfut2018GS	 31.75	 20.63	 14.29	 4.76	 6.35	 4.76	 4.76	 1.59	 4.76	 3.17	 1.59	 1.59	 2.0
YS-NB190321nv	 27.27	 18.18	 18.18	 3.64	 9.09	 1.82	 0.0	 5.45	 5.45	 3.64	 3.64	 3.64	 3.0
Hfut2018GS	 25.45	 25.45	 10.91	 5.45	 3.64	 3.64	 3.64	 12.73	 1.82	 0.0	 5.45	 1.82	 1.0
YS-NB190321nv	 30.19	 11.32	 3.77	 3.77	 5.66	 9.43	 11.32	 7.55	 5.66	 1.89	 5.66	 3.77	 0.0
Hfut2018GS	 35.96	 15.73	 11.24	 5.62	 5.62	 2.25	 2.25	 3.37	 1.12	 3.37	 7.87	 5.62	 0.0
YS-NB190321nv	 31.25	 12.5	 9.38	 15.62	 3.12	 6.25	 6.25	 6.25	 3.12	 3.12	 3.12	 0.0	 0.0
Hfut2018GS	 33.33	 22.99	 13.79	 6.9	 4.6	 5.75	 0.0	 3.45	 1.15	 2.3	 1.15	 4.6	 2.0
YS-NB190321nv	 26.53	 12.24	 14.29	 10.2	 4.08	 6.12	 8.16	 2.04	 0.0	 4.08	 8.16	 4.08	 0.0
Hfut2018GS	 36.0	 18.67	 12.0	 4.0	 4.0	 1.33	 4.0	 5.33	 4.0	 2.67	 5.33	 2.67	 2.0
YS-NB190321nv	 27.27	 22.73	 0.0	 9.09	 4.55	 4.55	 4.55	 13.64	 9.09	 0.0	 0.0	 4.55	 0.0
Hfut2018GS	 34.85	 25.76	 7.58	 4.55	 1.52	 4.55	 6.06	 4.55	 3.03	 0.0	 4.55	 3.03	 2.0
YS-NB190321nv	 36.0	 14.0	 6.0	 10.0	 6.0	 2.0	 2.0	 2.0	 4.0	 10.0	 4.0	 4.0	 1.0
Hfut2018GS	 32.97	 25.27	 7.69	 8.79	 3.3	 3.3	 2.2	 5.49	 4.4	 3.3	 1.1	 2.2	 1.0
YS-NB190321nv	 25.58	 18.6	 2.33	 6.98	 6.98	 6.98	 4.65	 9.3	 0.0	 4.65	 4.65	 9.3	 3.0
Hfut2018GS	 32.5	 15.0	 12.5	 12.5	 10.0	 5.0	 0.0	 7.5	 0.0	 5.0	 0.0	 0.0	 2.0
YS-NB190321nv	 20.51	 10.26	 5.13	 7.69	 7.69	 7.69	 5.13	 2.56	 5.13	 10.26	 7.69	 10.26	 2.0
Hfut2018GS	 43.24	 17.12	 9.91	 4.5	 4.5	 4.5	 1.8	 2.7	 1.8	 1.8	 3.6	 4.5	 2.0
YS-NB190321nv	 30.56	 15.97	 9.03	 11.11	 4.17	 2.08	 4.86	 5.56	 2.78	 5.56	 4.17	 4.17	 1.0
MT2018SS	 41.3	 15.22	 13.04	 4.35	 4.35	 2.17	 2.17	 6.52	 6.52	 2.17	 0.0	 2.17	 0.0
YS-NB190321nv	 20.88	 18.68	 13.19	 4.4	 3.3	 2.2	 9.89	 5.49	 6.59	 7.69	 6.59	 1.1	 2.0
MT2018SS	 28.85	 13.46	 13.46	 7.69	 5.77	 5.77	 1.92	 1.92	 5.77	 7.69	 3.85	 3.85	 2.0
YS-NB190321nv	 26.44	 13.79	 5.75	 9.2	 8.05	 5.75	 1.15	 5.75	 9.2	 3.45	 4.6	 6.9	 2.0
MT2018SS	 36.0	 20.0	 12.0	 12.0	 4.0	 0.0	 4.0	 0.0	 8.0	 0.0	 4.0	 0.0	 0.0
YS-NB190321nv	 33.65	 18.27	 8.65	 10.58	 1.92	 6.73	 4.81	 1.92	 1.92	 2.88	 3.85	 4.81	 3.0
MT2018SS	 23.53	 17.65	 10.29	 2.94	 13.24	 5.88	 7.35	 2.94	 5.88	 5.88	 1.47	 2.94	 4.0
YS-NB190321nv	 30.6	 15.67	 11.19	 9.7	 2.99	 7.46	 5.22	 4.48	 2.24	 2.24	 5.97	 2.24	 1.0
MT2018SS	 35.0	 15.0	 10.0	 15.0	 5.0	 15.0	 0.0	 5.0	 0.0	 0.0	 0.0	 0.0	 0.0
YS-NB190321nv	 35.33	 14.13	 4.89	 6.52	 5.98	 5.43	 3.8	 1.63	 5.98	 6.52	 4.35	 5.43	 1.0
MT2018SS	 31.82	 11.36	 9.09	 11.36	 6.82	 4.55	 9.09	 6.82	 2.27	 2.27	 2.27	 2.27	 1.0
YS-NB190321nv	 50.7	 15.49	 2.82	 7.04	 4.23	 1.41	 2.82	 4.23	 5.63	 2.82	 1.41	 1.41	 0.0
MT2018SS	 29.89	 16.09	 14.94	 11.49	 9.2	 1.15	 0.0	 1.15	 4.6	 3.45	 4.6	 3.45	 2.0
YS-NB190321nv	 26.15	 20.0	 7.69	 7.69	 6.15	 4.62	 5.38	 3.85	 4.62	 0.77	 6.15	 6.92	 2.0
MT2018SS	 30.43	 13.04	 15.22	 14.13	 3.26	 6.52	 4.35	 2.17	 6.52	 2.17	 1.09	 1.09	 1.0
YS-NB190321nv	 43.9	 21.95	 2.44	 4.88	 8.54	 2.44	 2.44	 4.88	 1.22	 3.66	 2.44	 1.22	 0.0
MT2018SS	 20.43	 20.43	 11.83	 5.38	 6.45	 6.45	 7.53	 2.15	 8.6	 3.23	 5.38	 2.15	 0.0
YS-NB190321nv	 33.14	 14.79	 11.24	 6.51	 7.1	 4.14	 5.92	 3.55	 6.51	 1.18	 4.73	 1.18	 0.0
MT2018SS	 33.33	 6.06	 15.15	 15.15	 6.06	 3.03	 3.03	 6.06	 3.03	 6.06	 3.03	 0.0	 2.0
YS-NB190321nv	 24.0	 18.67	 12.0	 4.0	 6.67	 9.33	 6.67	 4.0	 5.33	 1.33	 4.0	 4.0	 0.0
MT2018SS	 35.29	 18.82	 7.06	 9.41	 5.88	 2.35	 4.71	 2.35	 5.88	 2.35	 2.35	 3.53	 0.0
YS-NB190321nv	 36.36	 22.73	 4.55	 4.55	 4.55	 7.58	 1.52	 9.09	 1.52	 0.0	 6.06	 1.52	 1.0
MT2018SS	 43.84	 12.33	 10.96	 4.11	 4.11	 2.74	 8.22	 1.37	 2.74	 1.37	 2.74	 5.48	 1.0
YS-NB190321nv	 26.72	 18.32	 9.16	 5.34	 7.63	 7.63	 4.58	 5.34	 3.82	 3.05	 6.11	 2.29	 1.0
MT2018SS	 56.1	 17.07	 4.88	 7.32	 2.44	 0.0	 0.0	 2.44	 4.88	 2.44	 0.0	 2.44	 2.0
YS-NB190321nv	 36.43	 12.14	 12.86	 6.43	 5.0	 4.29	 5.0	 0.0	 2.86	 5.0	 5.71	 4.29	 1.0
MT2018SS	 32.79	 16.39	 16.39	 13.11	 9.84	 1.64	 1.64	 1.64	 1.64	 3.28	 0.0	 1.64	 1.0
YS-NB190321nv	 24.49	 19.39	 7.14	 7.14	 6.12	 5.1	 8.16	 7.14	 5.1	 4.08	 5.1	 1.02	 0.0
MT2018SS	 23.21	 12.5	 10.71	 12.5	 10.71	 5.36	 1.79	 5.36	 1.79	 5.36	 8.93	 1.79	 0.0
YS-NB190321nv	 31.78	 16.28	 9.3	 10.08	 5.43	 3.88	 3.88	 3.1	 3.88	 4.65	 5.43	 2.33	 0.0
MT2018SS	 27.59	 18.97	 10.34	 6.9	 3.45	 1.72	 5.17	 8.62	 6.9	 3.45	 6.9	 0.0	 0.0
YS-NB190321nv	 33.33	 21.43	 4.76	 7.14	 7.14	 4.76	 3.57	 4.76	 3.57	 2.38	 2.38	 4.76	 0.0
MT2018SS	 26.19	 17.86	 9.52	 10.71	 7.14	 3.57	 7.14	 4.76	 3.57	 4.76	 0.0	 4.76	 0.0
YS-NB190321nv	 29.93	 18.37	 10.88	 7.48	 6.12	 8.84	 6.12	 3.4	 2.04	 2.04	 3.4	 1.36	 2.0
MT2018SS	 38.46	 23.08	 5.13	 6.41	 5.13	 1.28	 6.41	 6.41	 0.0	 2.56	 3.85	 1.28	 1.0
YS-NB190321nv	 23.08	 15.38	 8.97	 14.1	 10.26	 3.85	 2.56	 5.13	 3.85	 2.56	 5.13	 5.13	 1.0
MT2018SS	 31.58	 15.79	 8.77	 5.26	 7.02	 10.53	 0.0	 3.51	 3.51	 0.0	 8.77	 5.26	 0.0
YS-NB190321nv	 25.29	 14.94	 9.2	 3.45	 5.75	 9.2	 2.3	 5.75	 2.3	 12.64	 5.75	 3.45	 0.0
MT2018SS	 20.63	 17.46	 12.7	 7.94	 7.94	 4.76	 4.76	 4.76	 6.35	 6.35	 6.35	 0.0	 2.0
YS-NB190321nv	 35.56	 17.78	 8.89	 10.0	 3.33	 5.56	 3.33	 3.33	 5.56	 2.22	 2.22	 2.22	 0.0
MT2018SS	 45.1	 23.53	 7.84	 3.92	 3.92	 1.96	 3.92	 3.92	 1.96	 0.0	 1.96	 1.96	 1.0
YS-NB190321nv	 28.92	 14.46	 6.63	 13.25	 4.22	 7.83	 4.82	 3.61	 5.42	 3.61	 2.41	 4.82	 1.0
MT2018SS	 37.5	 0.0	 8.33	 0.0	 12.5	 16.67	 8.33	 0.0	 4.17	 0.0	 4.17	 8.33	 0.0
YS-NB190321nv	 34.29	 16.43	 6.43	 7.14	 5.0	 6.43	 5.71	 7.14	 3.57	 4.29	 2.86	 0.71	 0.0
MT2018SS	 27.27	 22.22	 5.05	 9.09	 9.09	 5.05	 3.03	 5.05	 2.02	 0.0	 6.06	 6.06	 2.0
YS-NB190321nv	 26.67	 6.67	 10.0	 12.22	 10.0	 3.33	 5.56	 5.56	 2.22	 5.56	 6.67	 5.56	 0.0
MT2018SS	 39.62	 18.87	 3.77	 5.66	 9.43	 3.77	 1.89	 5.66	 1.89	 7.55	 1.89	 0.0	 2.0
YS-NB190321nv	 30.89	 17.89	 13.82	 6.5	 7.32	 4.88	 2.44	 4.88	 2.44	 3.25	 0.81	 4.88	 1.0
MT2018SS	 50.75	 14.93	 7.46	 2.99	 5.97	 2.99	 1.49	 2.99	 1.49	 7.46	 0.0	 1.49	 2.0
YS-NB190321nv	 33.33	 16.67	 5.56	 2.78	 4.17	 5.56	 2.78	 5.56	 5.56	 11.11	 5.56	 1.39	 0.0
MT2018SS	 33.93	 17.86	 8.93	 5.36	 14.29	 1.79	 8.93	 5.36	 0.0	 3.57	 0.0	 0.0	 1.0
YS-NB190321nv	 40.16	 20.47	 7.09	 6.3	 5.51	 5.51	 3.94	 1.57	 2.36	 3.15	 2.36	 1.57	 2.0
MT2018SS	 31.82	 21.21	 10.61	 7.58	 1.52	 3.03	 0.0	 4.55	 4.55	 4.55	 4.55	 6.06	 2.0
YS-NB190321nv	 35.2	 10.4	 6.4	 9.6	 5.6	 4.8	 7.2	 1.6	 4.8	 1.6	 5.6	 7.2	 2.0
MT2018SS	 32.76	 10.34	 6.9	 12.07	 6.9	 6.9	 8.62	 3.45	 1.72	 3.45	 6.9	 0.0	 0.0
YS-NB190321nv	 37.11	 12.58	 6.92	 6.92	 7.55	 6.29	 3.14	 3.77	 4.4	 5.03	 1.89	 4.4	 1.0
MT2018SS	 37.74	 15.09	 5.66	 1.89	 7.55	 7.55	 3.77	 3.77	 0.0	 9.43	 3.77	 3.77	 1.0
YS-NB190321nv	 26.27	 13.56	 11.86	 10.17	 7.63	 5.93	 4.24	 5.08	 3.39	 4.24	 5.08	 2.54	 2.0
MT2018SS	 36.49	 16.22	 2.7	 6.76	 2.7	 6.76	 8.11	 1.35	 2.7	 6.76	 8.11	 1.35	 1.0
YS-NB190321nv	 26.15	 20.0	 8.46	 9.23	 6.15	 6.15	 4.62	 3.08	 3.85	 2.31	 6.92	 3.08	 2.0
MT2018SS	 35.0	 15.0	 15.0	 10.0	 10.0	 0.0	 0.0	 5.0	 0.0	 5.0	 5.0	 0.0	 1.0
YS-NB190321nv	 30.0	 25.38	 9.23	 3.08	 6.92	 2.31	 4.62	 3.85	 2.31	 2.31	 6.15	 3.85	 0.0
MT2018SS	 35.29	 30.88	 7.35	 8.82	 2.94	 2.94	 2.94	 1.47	 1.47	 2.94	 0.0	 2.94	 0.0
YS-NB190321nv	 36.15	 17.69	 7.69	 4.62	 11.54	 3.85	 5.38	 2.31	 4.62	 3.08	 3.08	 0.0	 0.0
MT2018SS	 33.87	 22.58	 8.06	 4.84	 6.45	 4.84	 0.0	 4.84	 6.45	 3.23	 3.23	 1.61	 1.0
YS-NB190321nv	 30.86	 22.22	 11.11	 8.64	 2.47	 2.47	 3.7	 6.17	 3.7	 3.7	 3.7	 1.23	 2.0
MT2018SS	 44.3	 15.19	 11.39	 3.8	 5.06	 2.53	 6.33	 5.06	 1.27	 2.53	 1.27	 1.27	 1.0
YS-NB190321nv	 36.08	 11.34	 8.25	 8.25	 5.15	 2.06	 10.31	 3.09	 5.15	 3.09	 3.09	 4.12	 2.0
MT2018SS	 34.29	 14.29	 11.43	 7.14	 1.43	 4.29	 7.14	 4.29	 2.86	 5.71	 2.86	 4.29	 0.0
YS-NB190321nv	 24.0	 16.0	 9.33	 4.0	 8.0	 5.33	 9.33	 5.33	 6.67	 4.0	 4.0	 4.0	 1.0
MT2018SS	 25.0	 21.43	 17.86	 3.57	 3.57	 3.57	 0.0	 17.86	 0.0	 0.0	 3.57	 3.57	 1.0
YS-NB190321nv	 33.33	 16.09	 13.79	 14.94	 2.3	 3.45	 1.15	 1.15	 5.75	 4.6	 1.15	 2.3	 0.0
MT2018SS	 35.0	 25.0	 7.5	 2.5	 7.5	 3.75	 0.0	 3.75	 5.0	 2.5	 3.75	 3.75	 0.0
YS-NB190321nv	 28.74	 20.69	 8.05	 11.49	 5.75	 5.75	 3.45	 5.75	 4.6	 1.15	 3.45	 1.15	 0.0
MT2018SS	 46.94	 16.33	 8.16	 14.29	 2.04	 4.08	 4.08	 2.04	 2.04	 0.0	 0.0	 0.0	 1.0
YS-NB190321v	 28.74	 13.79	 8.05	 9.2	 3.45	 5.75	 8.05	 2.3	 6.9	 1.15	 5.75	 6.9	 2.0
Alice	 31.03	 24.14	 13.79	 10.34	 1.72	 3.45	 3.45	 5.17	 3.45	 0.0	 1.72	 1.72	 0.0
YS-NB190321v	 29.63	 14.81	 12.04	 4.63	 8.33	 3.7	 5.56	 3.7	 3.7	 2.78	 5.56	 5.56	 0.0
Alice	 36.67	 16.67	 20.0	 10.0	 10.0	 3.33	 3.33	 0.0	 0.0	 0.0	 0.0	 0.0	 1.0
YS-NB190321v	 28.3	 11.32	 6.6	 9.43	 7.55	 10.38	 6.6	 0.0	 5.66	 6.6	 1.89	 5.66	 1.0
Alice	 35.71	 9.52	 26.19	 0.0	 4.76	 7.14	 2.38	 0.0	 2.38	 4.76	 2.38	 4.76	 3.0
YS-NB190321v	 25.0	 19.44	 9.26	 2.78	 8.33	 7.41	 4.63	 2.78	 5.56	 0.0	 7.41	 7.41	 1.0
Alice	 26.47	 26.47	 14.71	 2.94	 5.88	 5.88	 8.82	 2.94	 2.94	 0.0	 2.94	 0.0	 2.0
YS-NB190321v	 31.58	 20.0	 9.47	 5.26	 6.32	 4.21	 1.05	 2.11	 3.16	 6.32	 9.47	 1.05	 0.0
Alice	 42.22	 24.44	 11.11	 4.44	 4.44	 2.22	 0.0	 2.22	 2.22	 4.44	 0.0	 2.22	 1.0
YS-NB190321v	 25.0	 17.86	 7.14	 5.95	 8.33	 10.71	 5.95	 7.14	 4.76	 2.38	 2.38	 2.38	 0.0
Alice	 37.1	 11.29	 9.68	 9.68	 8.06	 4.84	 3.23	 0.0	 4.84	 3.23	 3.23	 4.84	 0.0
YS-NB190321v	 30.84	 14.95	 10.28	 7.48	 10.28	 4.67	 1.87	 2.8	 5.61	 3.74	 6.54	 0.93	 0.0
Alice	 31.88	 27.54	 8.7	 11.59	 5.8	 1.45	 1.45	 4.35	 2.9	 2.9	 0.0	 1.45	 1.0
YS-NB190321v	 27.59	 24.14	 7.76	 6.03	 6.03	 8.62	 1.72	 0.86	 5.17	 5.17	 6.03	 0.86	 1.0
Alice	 40.0	 28.57	 8.57	 8.57	 5.71	 5.71	 0.0	 0.0	 0.0	 0.0	 0.0	 2.86	 0.0
YS-NB190321v	 27.45	 19.61	 11.76	 5.88	 4.9	 6.86	 5.88	 1.96	 3.92	 4.9	 2.94	 3.92	 0.0
Alice	 22.22	 11.11	 16.67	 8.33	 16.67	 2.78	 2.78	 2.78	 8.33	 8.33	 0.0	 0.0	 0.0
YS-NB190321v	 25.61	 18.29	 17.07	 10.98	 4.88	 2.44	 6.1	 3.66	 4.88	 2.44	 1.22	 2.44	 0.0
Alice	 34.15	 12.2	 19.51	 7.32	 7.32	 2.44	 2.44	 4.88	 2.44	 2.44	 2.44	 2.44	 0.0
YS-NB190321v	 37.68	 14.49	 4.35	 7.25	 4.35	 4.35	 11.59	 0.0	 4.35	 2.9	 1.45	 7.25	 1.0
Alice	 28.57	 17.14	 14.29	 0.0	 2.86	 14.29	 2.86	 2.86	 8.57	 0.0	 8.57	 0.0	 1.0
YS-NB190321v	 26.14	 17.05	 9.09	 10.23	 5.68	 6.82	 4.55	 3.41	 7.95	 1.14	 3.41	 4.55	 2.0
Alice	 29.63	 29.63	 14.81	 3.7	 0.0	 3.7	 0.0	 3.7	 3.7	 0.0	 3.7	 7.41	 1.0
YS-NB190321v	 23.61	 15.28	 9.72	 6.94	 5.56	 1.39	 9.72	 11.11	 8.33	 5.56	 2.78	 0.0	 0.0
Alice	 33.33	 17.33	 16.0	 5.33	 4.0	 2.67	 5.33	 5.33	 2.67	 1.33	 5.33	 1.33	 1.0
YS-NB190321v	 27.03	 20.27	 10.81	 5.41	 5.41	 5.41	 8.11	 5.41	 6.76	 2.7	 2.7	 0.0	 0.0
Alice	 8.82	 23.53	 26.47	 5.88	 14.71	 2.94	 2.94	 0.0	 5.88	 0.0	 5.88	 2.94	 0.0
YS-NB190321v	 15.87	 20.63	 11.11	 4.76	 9.52	 12.7	 6.35	 1.59	 6.35	 0.0	 7.94	 3.17	 1.0
Alice	 28.21	 10.26	 20.51	 15.38	 0.0	 0.0	 0.0	 5.13	 10.26	 7.69	 0.0	 2.56	 1.0
YS-NB190321v	 33.75	 13.75	 8.75	 16.25	 1.25	 5.0	 1.25	 5.0	 2.5	 2.5	 7.5	 2.5	 2.0
Alice	 37.25	 13.73	 13.73	 9.8	 9.8	 1.96	 1.96	 0.0	 5.88	 1.96	 1.96	 1.96	 1.0
YS-NB190321v	 31.88	 19.57	 5.8	 7.25	 5.07	 6.52	 3.62	 5.8	 5.07	 4.35	 2.17	 2.9	 0.0
Alice	 30.0	 21.67	 10.0	 5.0	 10.0	 6.67	 3.33	 3.33	 3.33	 3.33	 0.0	 3.33	 0.0
YS-NB190321v	 30.0	 16.0	 6.0	 8.0	 8.0	 0.0	 6.0	 4.0	 12.0	 6.0	 2.0	 2.0	 0.0
Alice	 31.15	 13.11	 6.56	 11.48	 16.39	 1.64	 3.28	 3.28	 4.92	 1.64	 3.28	 3.28	 1.0
YS-NB190321v	 32.74	 15.04	 9.73	 4.42	 10.62	 3.54	 4.42	 5.31	 5.31	 3.54	 0.0	 5.31	 0.0
Alice	 28.89	 13.33	 15.56	 8.89	 4.44	 8.89	 2.22	 4.44	 4.44	 0.0	 4.44	 4.44	 0.0
YS-NB190321v	 30.14	 10.96	 4.11	 12.33	 6.85	 9.59	 10.96	 5.48	 4.11	 1.37	 1.37	 2.74	 1.0
Alice	 45.16	 12.9	 3.23	 6.45	 3.23	 9.68	 9.68	 0.0	 6.45	 0.0	 3.23	 0.0	 2.0
YS-NB190321v	 27.84	 15.46	 14.43	 7.22	 5.15	 9.28	 8.25	 3.09	 0.0	 5.15	 2.06	 2.06	 0.0
Alice	 28.3	 15.09	 7.55	 11.32	 7.55	 5.66	 3.77	 5.66	 1.89	 11.32	 1.89	 0.0	 1.0
YS-NB190321v	 19.72	 15.49	 15.49	 5.63	 5.63	 7.04	 5.63	 5.63	 8.45	 2.82	 5.63	 2.82	 0.0
Alice	 34.29	 18.57	 8.57	 8.57	 11.43	 5.71	 0.0	 4.29	 4.29	 0.0	 2.86	 1.43	 2.0
YS-NB190321v	 40.54	 13.51	 9.91	 4.5	 6.31	 4.5	 2.7	 4.5	 2.7	 3.6	 3.6	 3.6	 0.0
Alice	 25.45	 21.82	 7.27	 9.09	 7.27	 5.45	 5.45	 3.64	 0.0	 1.82	 7.27	 5.45	 0.0
YS-NB190321v	 28.71	 13.86	 10.89	 10.89	 8.91	 1.98	 2.97	 3.96	 6.93	 3.96	 3.96	 2.97	 1.0
Alice	 15.38	 17.95	 10.26	 7.69	 2.56	 2.56	 15.38	 5.13	 5.13	 5.13	 5.13	 7.69	 3.0
YS-NB190321v	 25.4	 17.46	 9.52	 4.76	 7.94	 9.52	 4.76	 6.35	 7.94	 1.59	 0.0	 4.76	 0.0
Alice	 27.66	 12.77	 21.28	 8.51	 6.38	 6.38	 4.26	 4.26	 0.0	 2.13	 2.13	 4.26	 1.0
YS-NB190321v	 30.0	 15.0	 8.75	 13.75	 6.25	 5.0	 7.5	 2.5	 1.25	 2.5	 3.75	 3.75	 0.0
Alice	 29.03	 25.81	 16.13	 6.45	 6.45	 3.23	 0.0	 9.68	 0.0	 3.23	 0.0	 0.0	 1.0
YS-NB190321v	 30.59	 18.82	 8.24	 12.94	 3.53	 2.35	 4.71	 4.71	 4.71	 3.53	 2.35	 3.53	 0.0
Alice	 34.62	 23.08	 9.62	 5.77	 11.54	 0.0	 3.85	 1.92	 3.85	 3.85	 0.0	 1.92	 1.0
YS-NB190321v	 27.27	 18.18	 11.11	 10.1	 5.05	 3.03	 4.04	 7.07	 3.03	 4.04	 3.03	 4.04	 1.0
Alice	 31.71	 26.83	 4.88	 12.2	 14.63	 2.44	 0.0	 2.44	 2.44	 0.0	 0.0	 2.44	 1.0
YS-NB190321v	 29.25	 18.87	 8.49	 6.6	 3.77	 6.6	 3.77	 4.72	 3.77	 3.77	 4.72	 5.66	 0.0
Alice	 31.03	 24.14	 10.34	 0.0	 13.79	 6.9	 3.45	 6.9	 0.0	 0.0	 0.0	 3.45	 0.0
YS-NB190321v	 35.63	 19.54	 5.75	 12.64	 1.15	 5.75	 2.3	 3.45	 4.6	 3.45	 1.15	 4.6	 0.0
Alice	 27.78	 25.0	 2.78	 2.78	 0.0	 2.78	 8.33	 2.78	 11.11	 5.56	 0.0	 11.11	 1.0
YS-NB190321v	 24.64	 10.14	 15.94	 15.94	 7.25	 5.8	 2.9	 4.35	 4.35	 2.9	 4.35	 1.45	 0.0
Alice	 37.84	 13.51	 8.11	 16.22	 2.7	 2.7	 5.41	 5.41	 2.7	 0.0	 2.7	 2.7	 2.0
YS-NB190321v	 39.13	 13.04	 10.87	 6.52	 4.35	 4.35	 0.0	 2.17	 4.35	 4.35	 6.52	 4.35	 0.0
Alice	 28.95	 21.05	 13.16	 13.16	 7.89	 5.26	 0.0	 0.0	 0.0	 2.63	 5.26	 2.63	 2.0
YS-NB190321v	 37.35	 25.3	 6.02	 1.2	 7.23	 6.02	 3.61	 0.0	 1.2	 6.02	 3.61	 2.41	 0.0
Alice	 29.41	 20.59	 26.47	 14.71	 2.94	 0.0	 0.0	 2.94	 2.94	 0.0	 0.0	 0.0	 0.0
YS-NB190321v	 34.09	 10.23	 13.64	 7.95	 4.55	 5.68	 5.68	 4.55	 2.27	 3.41	 4.55	 3.41	 0.0
Alice	 31.82	 15.91	 4.55	 13.64	 2.27	 2.27	 2.27	 4.55	 9.09	 4.55	 4.55	 4.55	 1.0
YS-NB190321v	 34.43	 11.48	 13.11	 3.28	 8.2	 4.92	 0.0	 9.84	 1.64	 4.92	 3.28	 4.92	 0.0
Alice	 17.39	 21.74	 17.39	 4.35	 10.87	 2.17	 6.52	 4.35	 4.35	 0.0	 6.52	 4.35	 0.0
YS-NB190321v	 28.68	 11.76	 11.03	 11.03	 3.68	 5.88	 7.35	 4.41	 4.41	 5.88	 2.21	 3.68	 1.0
Alice	 31.43	 17.14	 11.43	 5.71	 8.57	 8.57	 0.0	 2.86	 2.86	 2.86	 2.86	 5.71	 1.0
YS-NB190321v	 26.09	 23.91	 14.13	 8.7	 5.43	 3.26	 5.43	 4.35	 1.09	 1.09	 1.09	 5.43	 1.0
Alice	 20.0	 17.5	 10.0	 15.0	 10.0	 2.5	 5.0	 12.5	 0.0	 2.5	 0.0	 5.0	 2.0
YS-NB190321v	 26.5	 17.95	 11.97	 6.84	 2.56	 5.13	 7.69	 8.55	 6.84	 2.56	 1.71	 1.71	 0.0
Alice	 34.69	 12.24	 10.2	 8.16	 8.16	 10.2	 6.12	 2.04	 2.04	 0.0	 4.08	 2.04	 0.0
YS-NB190321v	 30.3	 21.21	 8.08	 7.07	 5.05	 3.03	 1.01	 9.09	 4.04	 3.03	 2.02	 6.06	 0.0
Alice	 31.11	 22.22	 17.78	 11.11	 4.44	 2.22	 0.0	 2.22	 2.22	 0.0	 6.67	 0.0	 0.0
YS-NB190321v	 27.52	 14.68	 10.09	 8.26	 8.26	 2.75	 3.67	 5.5	 7.34	 4.59	 3.67	 3.67	 1.0
Alice	 21.21	 30.3	 9.09	 6.06	 3.03	 6.06	 9.09	 0.0	 6.06	 0.0	 0.0	 9.09	 5.0
YS-NB190321v	 26.67	 15.56	 13.33	 8.89	 6.67	 4.44	 6.67	 4.44	 4.44	 2.22	 6.67	 0.0	 0.0
Alice	 33.33	 10.53	 8.77	 1.75	 8.77	 10.53	 0.0	 1.75	 3.51	 3.51	 8.77	 8.77	 1.0
YS-NB190321v	 33.33	 15.79	 9.65	 7.02	 7.02	 3.51	 1.75	 3.51	 3.51	 7.02	 4.39	 3.51	 1.0
Alice	 26.67	 15.56	 17.78	 2.22	 6.67	 6.67	 4.44	 6.67	 2.22	 4.44	 2.22	 4.44	 0.0
YS-NB190321v	 35.05	 13.4	 7.22	 12.37	 6.19	 4.12	 6.19	 5.15	 1.03	 6.19	 2.06	 1.03	 0.0
Alice	 29.17	 16.67	 10.42	 10.42	 4.17	 10.42	 2.08	 2.08	 4.17	 2.08	 4.17	 4.17	 1.0
YS-NB190321v	 32.11	 19.27	 13.76	 6.42	 8.26	 3.67	 2.75	 2.75	 3.67	 2.75	 2.75	 1.83	 0.0
Alice	 44.12	 17.65	 8.82	 0.0	 5.88	 2.94	 0.0	 2.94	 0.0	 0.0	 2.94	 14.71	 0.0
YS-NB190321v	 31.25	 18.75	 0.0	 25.0	 0.0	 0.0	 6.25	 0.0	 12.5	 6.25	 0.0	 0.0	 1.0
Hfut2018GS	 34.38	 12.5	 9.38	 12.5	 3.12	 3.12	 6.25	 9.38	 6.25	 0.0	 3.12	 0.0	 0.0
YS-NB190321v	 30.77	 21.54	 9.23	 6.15	 3.08	 9.23	 6.15	 4.62	 1.54	 0.0	 3.08	 4.62	 0.0
Hfut2018GS	 32.84	 19.4	 14.93	 7.46	 4.48	 2.99	 4.48	 1.49	 2.99	 2.99	 4.48	 1.49	 1.0
YS-NB190321v	 31.58	 15.79	 10.53	 5.26	 5.26	 5.26	 2.63	 0.0	 10.53	 2.63	 5.26	 5.26	 1.0
Hfut2018GS	 32.5	 23.75	 8.75	 5.0	 5.0	 3.75	 2.5	 1.25	 1.25	 6.25	 5.0	 5.0	 1.0
YS-NB190321v	 16.0	 22.0	 8.0	 8.0	 8.0	 16.0	 4.0	 0.0	 0.0	 6.0	 6.0	 6.0	 0.0
Hfut2018GS	 29.7	 22.77	 13.86	 9.9	 5.94	 1.98	 1.98	 2.97	 2.97	 0.99	 2.97	 3.96	 1.0
YS-NB190321v	 38.46	 0.0	 15.38	 0.0	 0.0	 15.38	 7.69	 7.69	 0.0	 0.0	 15.38	 0.0	 2.0
Hfut2018GS	 30.19	 18.87	 9.43	 6.6	 5.66	 4.72	 5.66	 4.72	 4.72	 2.83	 1.89	 4.72	 0.0
YS-NB190321v	 10.81	 27.03	 2.7	 10.81	 5.41	 10.81	 5.41	 5.41	 2.7	 2.7	 10.81	 5.41	 0.0
Hfut2018GS	 36.96	 18.48	 8.7	 8.7	 4.35	 3.26	 5.43	 3.26	 4.35	 3.26	 3.26	 0.0	 1.0
YS-NB190321v	 28.57	 10.71	 0.0	 0.0	 14.29	 10.71	 21.43	 3.57	 0.0	 0.0	 3.57	 7.14	 0.0
Hfut2018GS	 32.63	 15.79	 12.63	 9.47	 4.21	 5.26	 3.16	 6.32	 2.11	 5.26	 2.11	 1.05	 2.0
YS-NB190321v	 29.09	 20.0	 9.09	 3.64	 5.45	 5.45	 10.91	 5.45	 3.64	 3.64	 1.82	 1.82	 1.0
Hfut2018GS	 33.33	 18.52	 11.11	 11.11	 3.7	 5.56	 5.56	 3.7	 0.0	 0.0	 1.85	 5.56	 1.0
YS-NB190321v	 23.91	 4.35	 30.43	 2.17	 4.35	 4.35	 2.17	 6.52	 4.35	 6.52	 2.17	 8.7	 2.0
Hfut2018GS	 33.77	 23.38	 9.09	 7.79	 5.19	 6.49	 1.3	 2.6	 1.3	 1.3	 3.9	 3.9	 0.0
YS-NB190321v	 32.26	 3.23	 16.13	 0.0	 3.23	 0.0	 0.0	 6.45	 6.45	 19.35	 3.23	 9.68	 1.0
Hfut2018GS	 43.28	 20.9	 7.46	 2.99	 8.96	 1.49	 1.49	 1.49	 5.97	 1.49	 1.49	 2.99	 0.0
YS-NB190321v	 29.49	 16.67	 8.97	 1.28	 3.85	 7.69	 6.41	 5.13	 5.13	 5.13	 6.41	 3.85	 0.0
Hfut2018GS	 24.0	 22.0	 10.0	 12.0	 10.0	 4.0	 4.0	 2.0	 4.0	 2.0	 0.0	 6.0	 0.0
YS-NB190321v	 26.67	 16.67	 16.67	 20.0	 6.67	 0.0	 3.33	 3.33	 0.0	 0.0	 3.33	 3.33	 1.0
Hfut2018GS	 32.91	 13.92	 12.66	 6.33	 5.06	 2.53	 5.06	 2.53	 3.8	 2.53	 6.33	 6.33	 0.0
YS-NB190321v	 9.38	 12.5	 15.62	 12.5	 3.12	 18.75	 6.25	 3.12	 3.12	 0.0	 12.5	 3.12	 2.0
Hfut2018GS	 47.44	 12.82	 7.69	 2.56	 3.85	 5.13	 5.13	 5.13	 3.85	 1.28	 3.85	 1.28	 1.0
YS-NB190321v	 32.0	 4.0	 12.0	 12.0	 16.0	 8.0	 4.0	 0.0	 0.0	 0.0	 4.0	 8.0	 0.0
Hfut2018GS	 33.33	 25.0	 5.56	 6.48	 1.85	 6.48	 5.56	 1.85	 4.63	 3.7	 0.93	 4.63	 2.0
YS-NB190321v	 20.69	 20.69	 10.34	 12.07	 8.62	 3.45	 1.72	 3.45	 6.9	 6.9	 1.72	 3.45	 2.0
Hfut2018GS	 42.62	 16.39	 6.56	 4.92	 8.2	 3.28	 3.28	 3.28	 4.92	 3.28	 0.0	 3.28	 2.0
YS-NB190321v	 27.69	 15.38	 6.15	 4.62	 6.15	 9.23	 10.77	 4.62	 6.15	 1.54	 0.0	 7.69	 0.0
Hfut2018GS	 40.0	 12.94	 8.24	 4.71	 9.41	 3.53	 7.06	 0.0	 5.88	 3.53	 1.18	 3.53	 1.0
YS-NB190321v	 18.52	 22.22	 7.41	 3.7	 3.7	 3.7	 14.81	 0.0	 7.41	 11.11	 7.41	 0.0	 0.0
Hfut2018GS	 31.25	 17.19	 7.81	 10.94	 1.56	 1.56	 3.12	 9.38	 3.12	 0.0	 6.25	 7.81	 0.0
YS-NB190321v	 36.36	 10.91	 5.45	 5.45	 5.45	 9.09	 3.64	 7.27	 5.45	 1.82	 3.64	 5.45	 1.0
Hfut2018GS	 34.18	 16.46	 12.66	 8.86	 3.8	 2.53	 3.8	 6.33	 2.53	 2.53	 3.8	 2.53	 0.0
YS-NB190321v	 15.0	 12.5	 10.0	 15.0	 12.5	 0.0	 15.0	 5.0	 5.0	 5.0	 2.5	 2.5	 2.0
Hfut2018GS	 49.23	 20.0	 3.08	 6.15	 3.08	 3.08	 3.08	 4.62	 3.08	 1.54	 0.0	 3.08	 2.0
YS-NB190321v	 33.33	 14.81	 9.26	 7.41	 7.41	 3.7	 3.7	 0.0	 3.7	 7.41	 3.7	 5.56	 1.0
Hfut2018GS	 48.84	 13.95	 12.79	 3.49	 3.49	 2.33	 2.33	 3.49	 3.49	 0.0	 5.81	 0.0	 1.0
YS-NB190321v	 37.5	 6.25	 18.75	 3.12	 3.12	 12.5	 6.25	 9.38	 3.12	 0.0	 0.0	 0.0	 1.0
Hfut2018GS	 39.06	 23.44	 7.81	 6.25	 4.69	 1.56	 1.56	 3.12	 3.12	 4.69	 3.12	 1.56	 0.0
YS-NB190321v	 40.0	 5.0	 10.0	 5.0	 0.0	 10.0	 0.0	 5.0	 5.0	 10.0	 0.0	 10.0	 2.0
Hfut2018GS	 38.61	 21.78	 6.93	 8.91	 4.95	 2.97	 5.94	 1.98	 0.99	 2.97	 0.99	 2.97	 0.0
YS-NB190321v	 38.71	 12.9	 3.23	 6.45	 9.68	 6.45	 3.23	 9.68	 0.0	 3.23	 3.23	 3.23	 4.0
Hfut2018GS	 36.67	 13.33	 10.0	 5.56	 10.0	 1.11	 4.44	 2.22	 4.44	 2.22	 5.56	 4.44	 1.0
YS-NB190321v	 23.68	 21.05	 13.16	 5.26	 5.26	 5.26	 0.0	 0.0	 7.89	 7.89	 5.26	 5.26	 2.0
Hfut2018GS	 38.71	 15.05	 12.9	 4.3	 2.15	 5.38	 6.45	 3.23	 4.3	 3.23	 2.15	 2.15	 1.0
YS-NB190321v	 28.95	 15.79	 10.53	 10.53	 7.89	 2.63	 7.89	 2.63	 5.26	 0.0	 5.26	 2.63	 1.0
Hfut2018GS	 47.12	 16.35	 10.58	 5.77	 5.77	 2.88	 0.96	 0.96	 0.96	 2.88	 3.85	 1.92	 1.0
YS-NB190321v	 17.65	 20.59	 17.65	 5.88	 11.76	 5.88	 0.0	 8.82	 2.94	 2.94	 5.88	 0.0	 0.0
Hfut2018GS	 52.87	 19.54	 9.2	 3.45	 3.45	 2.3	 0.0	 1.15	 1.15	 1.15	 2.3	 3.45	 2.0
YS-NB190321v	 39.13	 8.7	 8.7	 8.7	 8.7	 0.0	 8.7	 4.35	 0.0	 0.0	 8.7	 4.35	 1.0
Hfut2018GS	 41.67	 18.06	 9.72	 5.56	 4.17	 1.39	 5.56	 1.39	 1.39	 5.56	 2.78	 2.78	 2.0
YS-NB190321v	 26.47	 20.59	 11.76	 5.88	 8.82	 4.41	 4.41	 1.47	 1.47	 2.94	 5.88	 5.88	 2.0
Hfut2018GS	 38.33	 15.0	 11.67	 10.0	 5.0	 1.67	 6.67	 0.0	 1.67	 3.33	 3.33	 3.33	 1.0
YS-NB190321v	 35.19	 9.26	 11.11	 9.26	 9.26	 5.56	 5.56	 1.85	 0.0	 1.85	 5.56	 5.56	 1.0
Hfut2018GS	 34.07	 34.07	 7.69	 6.59	 4.4	 1.1	 1.1	 0.0	 0.0	 2.2	 4.4	 4.4	 0.0
YS-NB190321v	 22.73	 9.09	 18.18	 4.55	 0.0	 0.0	 9.09	 4.55	 9.09	 9.09	 13.64	 0.0	 1.0
Hfut2018GS	 41.89	 17.57	 10.81	 5.41	 5.41	 4.05	 2.7	 4.05	 5.41	 2.7	 0.0	 0.0	 2.0
YS-NB190321v	 15.38	 7.69	 15.38	 7.69	 7.69	 7.69	 7.69	 7.69	 7.69	 11.54	 0.0	 3.85	 1.0
Hfut2018GS	 47.14	 17.14	 8.57	 11.43	 0.0	 5.71	 1.43	 1.43	 2.86	 0.0	 0.0	 4.29	 0.0
YS-NB190321v	 34.21	 10.53	 10.53	 21.05	 2.63	 2.63	 7.89	 0.0	 2.63	 0.0	 2.63	 5.26	 0.0
Hfut2018GS	 31.25	 22.92	 4.17	 6.25	 14.58	 10.42	 0.0	 4.17	 0.0	 0.0	 4.17	 2.08	 0.0
YS-NB190321v	 19.35	 29.03	 6.45	 6.45	 6.45	 12.9	 6.45	 0.0	 3.23	 3.23	 0.0	 6.45	 2.0
Hfut2018GS	 42.11	 15.79	 15.79	 6.58	 2.63	 1.32	 2.63	 1.32	 2.63	 3.95	 2.63	 2.63	 2.0
YS-NB190321v	 17.65	 11.76	 14.71	 0.0	 14.71	 5.88	 2.94	 8.82	 5.88	 5.88	 8.82	 2.94	 0.0
Hfut2018GS	 38.67	 17.33	 8.0	 10.67	 2.67	 2.67	 4.0	 2.67	 5.33	 1.33	 2.67	 4.0	 1.0
YS-NB190321v	 19.51	 17.07	 4.88	 7.32	 9.76	 12.2	 4.88	 4.88	 7.32	 0.0	 7.32	 4.88	 1.0
Hfut2018GS	 35.37	 21.95	 8.54	 6.1	 2.44	 4.88	 2.44	 6.1	 4.88	 1.22	 2.44	 3.66	 0.0
YS-NB190321v	 29.41	 17.65	 11.76	 5.88	 5.88	 11.76	 0.0	 5.88	 11.76	 0.0	 0.0	 0.0	 0.0
Hfut2018GS	 41.0	 15.0	 10.0	 7.0	 7.0	 1.0	 3.0	 7.0	 0.0	 3.0	 3.0	 3.0	 1.0
YS-NB190321v	 10.71	 28.57	 3.57	 7.14	 3.57	 7.14	 7.14	 7.14	 3.57	 14.29	 3.57	 3.57	 0.0
Hfut2018GS	 35.66	 19.38	 13.95	 8.53	 3.88	 6.2	 1.55	 2.33	 3.88	 0.78	 1.55	 2.33	 1.0
YS-NB190321v	 33.78	 20.27	 10.81	 8.11	 6.76	 2.7	 8.11	 1.35	 2.7	 1.35	 2.7	 1.35	 1.0
Hfut2018GS	 26.39	 22.22	 11.11	 6.94	 2.78	 4.17	 11.11	 4.17	 2.78	 4.17	 2.78	 1.39	 0.0
YS-NB190321v	 53.85	 7.69	 7.69	 0.0	 0.0	 7.69	 7.69	 15.38	 0.0	 0.0	 0.0	 0.0	 0.0
Hfut2018GS	 33.67	 22.45	 10.2	 7.14	 8.16	 4.08	 3.06	 3.06	 1.02	 2.04	 3.06	 2.04	 0.0
YS-NB190321v	 15.15	 9.09	 9.09	 18.18	 6.06	 15.15	 9.09	 3.03	 9.09	 0.0	 3.03	 3.03	 3.0
Hfut2018GS	 36.23	 20.29	 15.94	 4.35	 2.9	 1.45	 4.35	 4.35	 1.45	 0.0	 4.35	 4.35	 0.0
YS-NB190321v	 25.64	 15.38	 7.69	 15.38	 5.13	 2.56	 7.69	 7.69	 10.26	 0.0	 0.0	 2.56	 0.0
Hfut2018GS	 32.52	 18.7	 12.2	 4.88	 7.32	 3.25	 1.63	 7.32	 2.44	 3.25	 5.69	 0.81	 1.0
YS-NB190321v	 19.51	 17.07	 12.2	 4.88	 9.76	 4.88	 7.32	 7.32	 9.76	 4.88	 0.0	 2.44	 1.0
Hfut2018GS	 30.0	 21.43	 11.43	 8.57	 5.71	 2.86	 2.86	 2.86	 4.29	 2.86	 1.43	 5.71	 0.0
YS-NB190321v	 14.0	 18.0	 8.0	 10.0	 8.0	 6.0	 2.0	 6.0	 6.0	 4.0	 10.0	 8.0	 2.0
Hfut2018GS	 37.63	 11.83	 9.68	 11.83	 5.38	 6.45	 2.15	 3.23	 2.15	 5.38	 4.3	 0.0	 1.0
YS-NB190321v	 31.43	 2.86	 8.57	 8.57	 11.43	 11.43	 5.71	 0.0	 11.43	 2.86	 2.86	 2.86	 0.0
Hfut2018GS	 34.48	 18.39	 5.75	 6.9	 4.6	 5.75	 4.6	 3.45	 1.15	 8.05	 5.75	 1.15	 0.0
YS-NB190321v	 41.24	 14.43	 5.15	 4.12	 7.22	 5.15	 5.15	 3.09	 2.06	 3.09	 4.12	 5.15	 1.0
MT2018SS	 43.55	 14.52	 12.9	 8.06	 3.23	 4.84	 1.61	 4.84	 1.61	 3.23	 1.61	 0.0	 1.0
YS-NB190321v	 27.62	 21.9	 10.48	 2.86	 9.52	 6.67	 1.9	 3.81	 1.9	 8.57	 3.81	 0.95	 1.0
MT2018SS	 38.0	 12.0	 16.0	 2.0	 4.0	 2.0	 4.0	 6.0	 2.0	 4.0	 4.0	 6.0	 3.0
YS-NB190321v	 34.95	 15.53	 9.71	 10.68	 5.83	 3.88	 3.88	 6.8	 0.97	 2.91	 2.91	 1.94	 1.0
MT2018SS	 42.67	 21.33	 13.33	 4.0	 0.0	 6.67	 4.0	 2.67	 1.33	 1.33	 2.67	 0.0	 0.0
YS-NB190321v	 26.53	 21.43	 12.24	 10.2	 2.04	 3.06	 1.02	 7.14	 4.08	 3.06	 5.1	 4.08	 0.0
MT2018SS	 43.59	 11.54	 7.69	 7.69	 2.56	 11.54	 1.28	 1.28	 2.56	 2.56	 3.85	 3.85	 0.0
YS-NB190321v	 25.68	 18.92	 10.81	 4.05	 8.11	 4.05	 2.7	 2.7	 9.46	 5.41	 1.35	 6.76	 3.0
MT2018SS	 33.33	 18.18	 3.03	 3.03	 9.09	 6.06	 12.12	 9.09	 3.03	 3.03	 0.0	 0.0	 1.0
YS-NB190321v	 35.8	 14.81	 11.73	 7.41	 4.94	 4.32	 3.09	 7.41	 4.32	 1.23	 2.47	 2.47	 1.0
MT2018SS	 30.77	 10.77	 10.77	 7.69	 7.69	 7.69	 4.62	 6.15	 3.08	 1.54	 3.08	 6.15	 2.0
