CYRUS2018	 0.0	 14.74	 17.37	 14.21	 15.79	 15.79	 12.63	 9.47	 0.0
AHUT-SC	 0.0	 7.07	 11.11	 13.13	 16.16	 19.19	 19.19	 14.14	 2.0
CYRUS2018	 0.0	 12.82	 7.69	 12.82	 7.69	 16.67	 17.95	 24.36	 0.0
AHUT-SC	 0.0	 6.72	 12.69	 19.4	 15.67	 18.66	 11.19	 15.67	 1.0
CYRUS2018	 0.0	 22.5	 9.17	 15.83	 14.17	 17.5	 9.17	 11.67	 2.0
AHUT-SC	 0.0	 7.21	 8.11	 18.92	 12.61	 13.51	 18.02	 21.62	 0.0
CYRUS2019	 0.0	 9.91	 5.54	 6.41	 11.08	 20.12	 25.95	 20.99	 1.0
AHUT-SC	 0.0	 8.33	 14.58	 20.83	 22.92	 18.75	 8.33	 6.25	 2.0
CYRUS2019	 0.0	 9.4	 3.42	 9.4	 11.11	 23.08	 23.08	 20.51	 0.0
AHUT-SC	 0.0	 9.89	 9.89	 15.38	 6.59	 12.09	 20.88	 25.27	 0.0
CYRUS2019	 0.0	 12.17	 8.47	 6.88	 16.93	 9.52	 22.75	 23.28	 0.0
AHUT-SC	 0.0	 10.2	 5.1	 11.22	 15.31	 13.27	 23.47	 21.43	 2.0
Fractals2019	 0.0	 10.53	 11.28	 12.78	 15.79	 15.04	 16.54	 18.05	 0.0
AHUT-SC	 0.0	 11.97	 9.4	 14.53	 10.26	 22.22	 12.82	 18.8	 0.0
Fractals2019	 0.0	 7.1	 14.79	 13.02	 7.1	 23.08	 21.3	 13.61	 0.0
AHUT-SC	 0.0	 8.08	 13.13	 13.13	 22.22	 11.11	 14.14	 18.18	 1.0
Fractals2019	 0.0	 10.34	 6.9	 9.2	 11.49	 24.14	 19.54	 18.39	 0.0
AHUT-SC	 0.0	 12.8	 11.2	 23.2	 8.0	 14.4	 16.8	 13.6	 2.0
HELIOS2018	 0.0	 14.78	 17.39	 16.52	 13.04	 14.78	 15.65	 7.83	 2.0
AHUT-SC	 0.0	 15.62	 25.0	 9.38	 9.38	 15.62	 15.62	 9.38	 0.0
HELIOS2018	 0.0	 21.88	 14.58	 13.54	 16.67	 15.62	 10.94	 6.77	 2.0
AHUT-SC	 0.0	 11.54	 19.23	 3.85	 11.54	 23.08	 15.38	 15.38	 0.0
HELIOS2018	 0.0	 23.4	 15.96	 10.64	 12.77	 19.15	 5.32	 12.77	 1.0
AHUT-SC	 0.0	 10.53	 12.28	 15.79	 21.05	 14.04	 15.79	 10.53	 0.0
HELIOS2019	 0.0	 15.54	 17.57	 14.86	 11.49	 18.92	 10.14	 11.49	 0.0
AHUT-SC	 0.0	 16.22	 10.81	 16.22	 21.62	 18.92	 10.81	 5.41	 1.0
HELIOS2019	 0.0	 9.15	 12.8	 20.73	 15.85	 17.07	 12.2	 12.2	 1.0
AHUT-SC	 0.0	 14.29	 7.14	 14.29	 7.14	 19.05	 19.05	 19.05	 0.0
HELIOS2019	 0.0	 17.65	 16.67	 15.69	 9.8	 15.69	 8.82	 15.69	 0.0
AHUT-SC	 0.0	 15.84	 3.96	 18.81	 15.84	 16.83	 17.82	 10.89	 0.0
MT2018SJB	 0.0	 8.78	 7.8	 9.27	 8.78	 16.1	 17.07	 32.2	 0.0
AHUT-SC	 0.0	 14.12	 9.41	 12.94	 15.29	 24.71	 12.94	 10.59	 2.0
MT2018SJB	 0.0	 9.59	 10.27	 11.64	 13.7	 19.18	 18.49	 17.12	 0.0
AHUT-SC	 0.0	 16.42	 2.99	 10.45	 16.42	 19.4	 17.91	 16.42	 1.0
MT2018SJB	 0.0	 11.58	 11.58	 9.47	 16.84	 17.89	 12.63	 20.0	 0.0
AHUT-SC	 0.0	 16.67	 10.61	 22.73	 15.15	 10.61	 15.15	 9.09	 4.0
YS-NB190321nv	 0.0	 10.1	 9.09	 16.16	 14.14	 27.27	 15.15	 8.08	 3.0
Alice	 0.0	 13.33	 10.0	 6.67	 23.33	 23.33	 20.0	 3.33	 0.0
YS-NB190321nv	 0.0	 8.11	 9.91	 9.01	 16.22	 18.92	 13.51	 24.32	 0.0
Alice	 0.0	 19.23	 11.54	 11.54	 15.38	 15.38	 3.85	 23.08	 2.0
YS-NB190321nv	 0.0	 9.26	 6.48	 12.04	 19.44	 23.15	 14.81	 14.81	 0.0
Alice	 0.0	 6.06	 0.0	 18.18	 12.12	 6.06	 30.3	 27.27	 2.0
YS-NB190321nv	 0.0	 9.76	 8.54	 14.63	 24.39	 20.73	 13.41	 8.54	 0.0
Alice	 0.0	 5.71	 0.0	 8.57	 17.14	 17.14	 28.57	 22.86	 1.0
YS-NB190321nv	 0.0	 6.56	 4.92	 21.31	 11.48	 18.03	 18.03	 19.67	 0.0
Alice	 0.0	 0.0	 18.42	 13.16	 15.79	 28.95	 15.79	 7.89	 3.0
YS-NB190321nv	 0.0	 10.45	 10.45	 8.96	 19.4	 26.87	 10.45	 13.43	 0.0
Alice	 0.0	 7.27	 5.45	 10.91	 16.36	 25.45	 23.64	 10.91	 0.0
YS-NB190321nv	 0.0	 11.59	 9.42	 17.39	 17.39	 15.22	 13.04	 15.94	 1.0
Alice	 0.0	 20.0	 5.0	 7.5	 12.5	 20.0	 25.0	 10.0	 1.0
YS-NB190321nv	 0.0	 13.95	 11.63	 9.3	 11.63	 30.23	 11.63	 11.63	 1.0
Alice	 0.0	 10.64	 6.38	 14.89	 17.02	 17.02	 12.77	 21.28	 1.0
YS-NB190321nv	 0.0	 7.41	 8.33	 12.96	 20.37	 16.67	 18.52	 15.74	 0.0
Alice	 0.0	 12.12	 3.03	 12.12	 12.12	 15.15	 21.21	 24.24	 0.0
YS-NB190321nv	 0.0	 12.7	 12.7	 14.29	 19.05	 12.7	 14.29	 14.29	 0.0
Alice	 0.0	 15.38	 7.69	 19.23	 23.08	 19.23	 11.54	 3.85	 1.0
YS-NB190321nv	 0.0	 6.84	 9.4	 14.53	 11.97	 18.8	 22.22	 16.24	 2.0
Alice	 0.0	 10.0	 10.0	 17.5	 15.0	 15.0	 10.0	 22.5	 1.0
YS-NB190321nv	 0.0	 13.24	 10.29	 14.71	 13.24	 17.65	 16.18	 14.71	 0.0
Alice	 0.0	 8.93	 5.36	 10.71	 23.21	 14.29	 23.21	 14.29	 1.0
YS-NB190321nv	 0.0	 7.59	 8.28	 17.24	 23.45	 12.41	 14.48	 16.55	 2.0
Alice	 0.0	 11.76	 1.96	 3.92	 27.45	 15.69	 21.57	 17.65	 1.0
YS-NB190321nv	 0.0	 15.38	 11.54	 11.54	 13.46	 30.77	 11.54	 5.77	 0.0
Alice	 0.0	 10.2	 10.2	 4.08	 12.24	 16.33	 22.45	 24.49	 1.0
YS-NB190321nv	 0.0	 10.0	 10.0	 12.22	 16.67	 21.11	 14.44	 15.56	 0.0
Alice	 0.0	 0.0	 14.29	 12.24	 18.37	 20.41	 16.33	 18.37	 0.0
YS-NB190321nv	 0.0	 8.97	 10.26	 11.54	 15.38	 23.08	 23.08	 7.69	 0.0
Alice	 0.0	 8.51	 8.51	 14.89	 12.77	 19.15	 17.02	 19.15	 2.0
YS-NB190321nv	 0.0	 18.84	 5.8	 17.39	 23.19	 14.49	 8.7	 11.59	 2.0
Alice	 0.0	 8.11	 10.81	 10.81	 8.11	 10.81	 21.62	 29.73	 0.0
YS-NB190321nv	 0.0	 7.81	 10.94	 12.5	 25.0	 4.69	 15.62	 23.44	 1.0
Alice	 0.0	 9.52	 4.76	 6.35	 14.29	 20.63	 25.4	 19.05	 0.0
YS-NB190321nv	 0.0	 8.16	 11.22	 20.41	 14.29	 17.35	 13.27	 15.31	 0.0
Alice	 0.0	 2.08	 6.25	 12.5	 18.75	 22.92	 27.08	 10.42	 2.0
YS-NB190321nv	 0.0	 7.21	 6.31	 16.22	 24.32	 19.82	 10.81	 15.32	 0.0
Alice	 0.0	 7.41	 7.41	 22.22	 25.93	 11.11	 11.11	 14.81	 1.0
YS-NB190321nv	 0.0	 14.15	 6.6	 17.92	 13.21	 16.04	 19.81	 12.26	 1.0
Alice	 0.0	 17.65	 5.88	 5.88	 8.82	 20.59	 14.71	 26.47	 1.0
YS-NB190321nv	 0.0	 14.08	 9.86	 11.27	 21.13	 14.08	 16.9	 12.68	 0.0
Alice	 0.0	 7.5	 7.5	 7.5	 12.5	 22.5	 22.5	 20.0	 0.0
YS-NB190321nv	 0.0	 9.63	 7.41	 13.33	 18.52	 17.04	 17.78	 16.3	 1.0
Alice	 0.0	 11.9	 2.38	 2.38	 14.29	 23.81	 14.29	 30.95	 3.0
YS-NB190321nv	 0.0	 19.51	 6.1	 21.95	 14.63	 17.07	 14.63	 6.1	 0.0
Alice	 0.0	 8.82	 8.82	 11.76	 14.71	 17.65	 17.65	 20.59	 1.0
YS-NB190321nv	 0.0	 11.34	 6.19	 15.46	 20.62	 18.56	 16.49	 11.34	 1.0
Alice	 0.0	 14.29	 14.29	 8.93	 12.5	 12.5	 19.64	 17.86	 0.0
YS-NB190321nv	 0.0	 13.64	 11.36	 11.36	 17.05	 12.5	 20.45	 13.64	 0.0
Alice	 0.0	 9.26	 3.7	 9.26	 24.07	 18.52	 16.67	 18.52	 2.0
YS-NB190321nv	 0.0	 9.72	 6.94	 10.42	 14.58	 22.22	 15.97	 20.14	 2.0
Alice	 0.0	 15.79	 7.89	 10.53	 7.89	 15.79	 10.53	 31.58	 2.0
YS-NB190321nv	 0.0	 8.74	 6.8	 12.62	 12.62	 15.53	 21.36	 22.33	 0.0
Alice	 0.0	 4.17	 10.42	 4.17	 8.33	 14.58	 18.75	 39.58	 1.0
YS-NB190321nv	 0.0	 8.33	 9.17	 20.0	 15.83	 15.83	 17.5	 13.33	 0.0
Alice	 0.0	 3.45	 6.9	 10.34	 13.79	 17.24	 27.59	 20.69	 2.0
YS-NB190321nv	 0.0	 12.16	 17.57	 10.81	 13.51	 24.32	 10.81	 10.81	 1.0
Alice	 0.0	 11.76	 4.41	 10.29	 16.18	 22.06	 16.18	 19.12	 2.0
YS-NB190321nv	 0.0	 11.11	 4.63	 20.37	 16.67	 12.96	 17.59	 16.67	 0.0
Alice	 0.0	 4.0	 4.0	 20.0	 16.0	 0.0	 28.0	 28.0	 2.0
YS-NB190321nv	 0.0	 8.57	 18.57	 11.43	 14.29	 8.57	 15.71	 22.86	 1.0
Alice	 0.0	 5.13	 5.13	 12.82	 12.82	 28.21	 25.64	 10.26	 2.0
YS-NB190321nv	 0.0	 15.79	 5.26	 17.54	 26.32	 15.79	 8.77	 10.53	 0.0
Alice	 0.0	 8.33	 13.33	 10.0	 10.0	 20.0	 18.33	 20.0	 3.0
YS-NB190321nv	 0.0	 10.58	 5.77	 16.35	 17.31	 24.04	 15.38	 10.58	 1.0
Alice	 0.0	 20.63	 4.76	 19.05	 14.29	 28.57	 9.52	 3.17	 1.0
YS-NB190321nv	 0.0	 6.67	 10.67	 9.33	 14.67	 21.33	 16.0	 21.33	 0.0
Alice	 0.0	 13.33	 11.11	 6.67	 17.78	 17.78	 4.44	 28.89	 0.0
YS-NB190321nv	 0.0	 6.45	 9.68	 10.48	 12.9	 18.55	 18.55	 23.39	 1.0
Alice	 0.0	 16.22	 12.16	 4.05	 20.27	 13.51	 18.92	 14.86	 1.0
YS-NB190321nv	 0.0	 6.9	 9.2	 18.39	 17.24	 25.29	 12.64	 10.34	 1.0
Alice	 0.0	 9.62	 7.69	 9.62	 7.69	 13.46	 9.62	 42.31	 0.0
YS-NB190321nv	 0.0	 13.0	 6.0	 15.0	 16.0	 14.0	 14.0	 22.0	 1.0
Alice	 0.0	 10.64	 6.38	 17.02	 23.4	 27.66	 10.64	 4.26	 1.0
YS-NB190321nv	 0.0	 10.53	 13.16	 7.89	 21.05	 13.16	 15.79	 18.42	 0.0
Hfut2018GS	 0.0	 17.14	 4.76	 6.67	 15.24	 17.14	 19.05	 20.0	 0.0
YS-NB190321nv	 0.0	 17.95	 10.26	 7.69	 17.95	 12.82	 23.08	 10.26	 0.0
Hfut2018GS	 0.0	 12.5	 6.25	 8.75	 8.75	 15.0	 21.25	 27.5	 2.0
YS-NB190321nv	 0.0	 7.5	 5.0	 20.0	 15.0	 20.0	 20.0	 12.5	 1.0
Hfut2018GS	 0.0	 10.87	 8.7	 11.96	 7.61	 17.39	 18.48	 25.0	 2.0
YS-NB190321nv	 0.0	 18.37	 8.16	 16.33	 10.2	 12.24	 22.45	 12.24	 0.0
Hfut2018GS	 0.0	 8.24	 7.06	 5.88	 11.76	 24.71	 22.35	 20.0	 1.0
YS-NB190321nv	 0.0	 8.82	 5.88	 8.82	 20.59	 32.35	 5.88	 17.65	 1.0
Hfut2018GS	 0.0	 7.26	 7.26	 7.26	 19.35	 14.52	 22.58	 21.77	 0.0
YS-NB190321nv	 0.0	 17.07	 12.2	 9.76	 9.76	 19.51	 21.95	 9.76	 1.0
Hfut2018GS	 0.0	 11.11	 6.94	 11.11	 9.72	 15.28	 27.78	 18.06	 1.0
YS-NB190321nv	 0.0	 16.67	 14.29	 9.52	 7.14	 23.81	 14.29	 14.29	 1.0
Hfut2018GS	 0.0	 10.0	 10.0	 11.25	 8.75	 16.25	 26.25	 17.5	 0.0
YS-NB190321nv	 0.0	 15.56	 11.11	 13.33	 24.44	 15.56	 13.33	 6.67	 0.0
Hfut2018GS	 0.0	 9.41	 8.24	 20.0	 11.76	 9.41	 20.0	 21.18	 2.0
YS-NB190321nv	 0.0	 5.77	 5.77	 17.31	 13.46	 15.38	 23.08	 19.23	 0.0
Hfut2018GS	 0.0	 12.86	 1.43	 14.29	 14.29	 17.14	 18.57	 21.43	 0.0
YS-NB190321nv	 0.0	 17.54	 10.53	 12.28	 14.04	 21.05	 17.54	 7.02	 0.0
Hfut2018GS	 0.0	 6.58	 2.63	 6.58	 11.84	 27.63	 22.37	 22.37	 0.0
YS-NB190321nv	 0.0	 14.63	 2.44	 14.63	 19.51	 24.39	 17.07	 7.32	 0.0
Hfut2018GS	 0.0	 7.5	 3.33	 12.5	 22.5	 13.33	 20.83	 20.0	 1.0
YS-NB190321nv	 0.0	 6.06	 9.09	 27.27	 18.18	 18.18	 18.18	 3.03	 0.0
Hfut2018GS	 0.0	 16.05	 9.88	 9.88	 12.35	 17.28	 16.05	 18.52	 0.0
YS-NB190321nv	 0.0	 19.44	 8.33	 5.56	 19.44	 13.89	 22.22	 11.11	 1.0
Hfut2018GS	 0.0	 9.3	 6.98	 12.79	 11.63	 12.79	 26.74	 19.77	 2.0
YS-NB190321nv	 0.0	 7.5	 10.0	 22.5	 15.0	 15.0	 25.0	 5.0	 2.0
Hfut2018GS	 0.0	 5.13	 20.51	 10.26	 7.69	 17.95	 23.08	 15.38	 0.0
YS-NB190321nv	 0.0	 10.94	 12.5	 10.94	 12.5	 17.19	 25.0	 10.94	 0.0
Hfut2018GS	 0.0	 5.33	 12.0	 9.33	 14.67	 14.67	 32.0	 12.0	 2.0
YS-NB190321nv	 0.0	 9.72	 15.28	 15.28	 11.11	 18.06	 13.89	 16.67	 2.0
Hfut2018GS	 0.0	 9.38	 9.38	 9.38	 17.19	 14.06	 18.75	 21.88	 2.0
YS-NB190321nv	 0.0	 11.76	 14.71	 5.88	 8.82	 29.41	 20.59	 8.82	 0.0
Hfut2018GS	 0.0	 9.38	 7.81	 6.25	 14.06	 15.62	 20.31	 26.56	 1.0
YS-NB190321nv	 0.0	 12.77	 10.64	 17.02	 17.02	 25.53	 6.38	 10.64	 4.0
Hfut2018GS	 0.0	 9.86	 4.23	 8.45	 18.31	 12.68	 22.54	 23.94	 0.0
YS-NB190321nv	 0.0	 26.09	 17.39	 8.7	 8.7	 17.39	 8.7	 13.04	 0.0
Hfut2018GS	 0.0	 7.69	 7.69	 5.13	 15.38	 16.67	 26.92	 20.51	 1.0
YS-NB190321nv	 0.0	 11.94	 11.94	 13.43	 22.39	 14.93	 17.91	 7.46	 3.0
Hfut2018GS	 0.0	 6.85	 4.11	 6.85	 19.18	 10.96	 20.55	 31.51	 2.0
YS-NB190321nv	 0.0	 7.69	 1.54	 15.38	 20.0	 21.54	 9.23	 24.62	 0.0
Hfut2018GS	 0.0	 8.21	 6.72	 5.22	 12.69	 17.16	 15.67	 34.33	 0.0
YS-NB190321nv	 0.0	 8.33	 8.33	 22.92	 18.75	 14.58	 6.25	 20.83	 0.0
Hfut2018GS	 0.0	 15.45	 3.64	 7.27	 13.64	 12.73	 15.45	 31.82	 1.0
YS-NB190321nv	 0.0	 9.38	 3.12	 9.38	 18.75	 9.38	 28.12	 21.88	 0.0
Hfut2018GS	 0.0	 9.26	 8.33	 9.26	 11.11	 16.67	 14.81	 30.56	 1.0
YS-NB190321nv	 0.0	 8.57	 17.14	 11.43	 11.43	 17.14	 17.14	 17.14	 0.0
Hfut2018GS	 0.0	 6.67	 11.11	 2.22	 24.44	 8.89	 15.56	 31.11	 1.0
YS-NB190321nv	 0.0	 12.7	 4.76	 11.11	 15.87	 11.11	 19.05	 25.4	 1.0
Hfut2018GS	 0.0	 11.34	 4.12	 7.22	 10.31	 15.46	 16.49	 35.05	 1.0
YS-NB190321nv	 0.0	 24.0	 4.0	 24.0	 16.0	 8.0	 20.0	 4.0	 0.0
Hfut2018GS	 0.0	 10.29	 4.41	 5.88	 22.06	 17.65	 25.0	 14.71	 0.0
YS-NB190321nv	 0.0	 10.94	 9.38	 17.19	 20.31	 15.62	 14.06	 12.5	 0.0
Hfut2018GS	 0.0	 8.45	 5.63	 9.86	 16.9	 16.9	 19.72	 22.54	 0.0
YS-NB190321nv	 0.0	 14.63	 14.63	 12.2	 21.95	 9.76	 19.51	 7.32	 0.0
Hfut2018GS	 0.0	 8.62	 10.34	 8.62	 22.41	 15.52	 15.52	 18.97	 1.0
YS-NB190321nv	 0.0	 5.56	 13.89	 25.0	 16.67	 13.89	 11.11	 13.89	 2.0
Hfut2018GS	 0.0	 7.58	 7.58	 7.58	 18.18	 13.64	 19.7	 25.76	 1.0
YS-NB190321nv	 0.0	 13.95	 6.98	 18.6	 16.28	 16.28	 20.93	 6.98	 0.0
Hfut2018GS	 0.0	 7.94	 6.35	 12.7	 22.22	 14.29	 25.4	 11.11	 2.0
YS-NB190321nv	 0.0	 9.09	 3.64	 16.36	 23.64	 21.82	 14.55	 10.91	 3.0
Hfut2018GS	 0.0	 5.45	 5.45	 14.55	 18.18	 20.0	 10.91	 25.45	 1.0
YS-NB190321nv	 0.0	 11.32	 9.43	 15.09	 16.98	 13.21	 18.87	 15.09	 0.0
Hfut2018GS	 0.0	 7.87	 3.37	 7.87	 12.36	 21.35	 25.84	 21.35	 0.0
YS-NB190321nv	 0.0	 0.0	 18.75	 18.75	 15.62	 15.62	 15.62	 15.62	 0.0
Hfut2018GS	 0.0	 9.2	 11.49	 8.05	 8.05	 11.49	 18.39	 33.33	 2.0
YS-NB190321nv	 0.0	 10.2	 8.16	 8.16	 16.33	 26.53	 22.45	 8.16	 0.0
Hfut2018GS	 0.0	 13.33	 13.33	 9.33	 2.67	 16.0	 13.33	 32.0	 2.0
YS-NB190321nv	 0.0	 18.18	 13.64	 9.09	 13.64	 22.73	 13.64	 9.09	 0.0
Hfut2018GS	 0.0	 7.58	 9.09	 7.58	 18.18	 27.27	 18.18	 12.12	 2.0
YS-NB190321nv	 0.0	 10.0	 4.0	 14.0	 16.0	 18.0	 16.0	 22.0	 1.0
Hfut2018GS	 0.0	 12.09	 4.4	 6.59	 9.89	 14.29	 17.58	 35.16	 1.0
YS-NB190321nv	 0.0	 11.63	 4.65	 16.28	 16.28	 16.28	 16.28	 18.6	 3.0
Hfut2018GS	 0.0	 2.5	 10.0	 10.0	 22.5	 17.5	 20.0	 17.5	 2.0
YS-NB190321nv	 0.0	 7.69	 12.82	 17.95	 17.95	 15.38	 10.26	 17.95	 2.0
Hfut2018GS	 0.0	 12.61	 7.21	 6.31	 17.12	 22.52	 20.72	 13.51	 2.0
YS-NB190321nv	 0.0	 9.72	 9.72	 16.67	 19.44	 11.81	 17.36	 15.28	 1.0
MT2018SS	 0.0	 8.7	 8.7	 17.39	 4.35	 10.87	 28.26	 21.74	 0.0
YS-NB190321nv	 0.0	 10.99	 8.79	 14.29	 8.79	 17.58	 14.29	 25.27	 2.0
MT2018SS	 0.0	 5.77	 7.69	 17.31	 15.38	 17.31	 17.31	 19.23	 2.0
YS-NB190321nv	 0.0	 12.64	 9.2	 8.05	 18.39	 16.09	 18.39	 17.24	 2.0
MT2018SS	 0.0	 20.0	 8.0	 4.0	 16.0	 12.0	 8.0	 32.0	 0.0
YS-NB190321nv	 0.0	 11.54	 6.73	 15.38	 11.54	 19.23	 19.23	 16.35	 3.0
MT2018SS	 0.0	 11.76	 10.29	 11.76	 13.24	 14.71	 20.59	 17.65	 4.0
YS-NB190321nv	 0.0	 9.7	 7.46	 8.96	 14.18	 17.16	 19.4	 23.13	 1.0
MT2018SS	 0.0	 15.0	 5.0	 10.0	 15.0	 20.0	 5.0	 30.0	 0.0
YS-NB190321nv	 0.0	 13.04	 7.07	 12.5	 12.5	 17.39	 22.83	 14.67	 1.0
MT2018SS	 0.0	 18.18	 18.18	 4.55	 6.82	 22.73	 9.09	 20.45	 1.0
YS-NB190321nv	 0.0	 9.86	 8.45	 21.13	 14.08	 16.9	 16.9	 12.68	 0.0
MT2018SS	 0.0	 11.49	 14.94	 14.94	 18.39	 13.79	 14.94	 11.49	 2.0
YS-NB190321nv	 0.0	 6.15	 9.23	 11.54	 16.15	 16.92	 18.46	 21.54	 2.0
MT2018SS	 0.0	 7.61	 11.96	 11.96	 17.39	 19.57	 19.57	 11.96	 1.0
YS-NB190321nv	 0.0	 8.54	 6.1	 17.07	 18.29	 13.41	 19.51	 17.07	 0.0
MT2018SS	 0.0	 13.98	 8.6	 13.98	 16.13	 15.05	 13.98	 18.28	 0.0
YS-NB190321nv	 0.0	 8.28	 6.51	 15.98	 24.26	 20.71	 14.79	 9.47	 0.0
MT2018SS	 0.0	 21.21	 3.03	 9.09	 9.09	 18.18	 24.24	 15.15	 2.0
YS-NB190321nv	 0.0	 13.33	 4.0	 28.0	 18.67	 13.33	 13.33	 9.33	 0.0
MT2018SS	 0.0	 5.88	 5.88	 11.76	 17.65	 17.65	 27.06	 14.12	 0.0
YS-NB190321nv	 0.0	 9.09	 4.55	 15.15	 19.7	 13.64	 21.21	 16.67	 1.0
MT2018SS	 0.0	 8.22	 4.11	 6.85	 8.22	 12.33	 16.44	 43.84	 1.0
YS-NB190321nv	 0.0	 9.92	 4.58	 12.98	 12.98	 22.14	 16.03	 21.37	 1.0
MT2018SS	 0.0	 4.88	 4.88	 9.76	 17.07	 21.95	 14.63	 26.83	 2.0
YS-NB190321nv	 0.0	 7.86	 5.71	 20.71	 19.29	 19.29	 15.0	 12.14	 1.0
MT2018SS	 0.0	 11.48	 9.84	 9.84	 13.11	 19.67	 9.84	 26.23	 1.0
YS-NB190321nv	 0.0	 10.2	 12.24	 17.35	 18.37	 15.31	 19.39	 7.14	 0.0
MT2018SS	 0.0	 17.86	 8.93	 12.5	 17.86	 12.5	 12.5	 17.86	 0.0
YS-NB190321nv	 0.0	 8.53	 9.3	 10.08	 21.71	 24.03	 10.85	 15.5	 0.0
MT2018SS	 0.0	 15.52	 10.34	 10.34	 12.07	 18.97	 22.41	 10.34	 0.0
YS-NB190321nv	 0.0	 2.38	 3.57	 15.48	 27.38	 19.05	 14.29	 17.86	 0.0
MT2018SS	 0.0	 7.14	 9.52	 10.71	 17.86	 16.67	 9.52	 28.57	 0.0
YS-NB190321nv	 0.0	 8.16	 6.12	 12.93	 20.41	 19.05	 19.05	 14.29	 2.0
MT2018SS	 0.0	 11.54	 8.97	 5.13	 17.95	 17.95	 23.08	 15.38	 1.0
YS-NB190321nv	 0.0	 10.26	 15.38	 12.82	 11.54	 11.54	 20.51	 17.95	 1.0
MT2018SS	 0.0	 10.53	 7.02	 8.77	 17.54	 12.28	 17.54	 26.32	 0.0
YS-NB190321nv	 0.0	 10.34	 8.05	 11.49	 19.54	 12.64	 20.69	 17.24	 0.0
MT2018SS	 0.0	 9.52	 1.59	 14.29	 15.87	 9.52	 17.46	 31.75	 2.0
YS-NB190321nv	 0.0	 13.33	 13.33	 20.0	 16.67	 15.56	 10.0	 11.11	 0.0
MT2018SS	 0.0	 7.84	 9.8	 3.92	 19.61	 15.69	 19.61	 23.53	 1.0
YS-NB190321nv	 0.0	 14.46	 4.82	 14.46	 18.67	 16.87	 16.87	 13.86	 1.0
MT2018SS	 0.0	 12.5	 16.67	 16.67	 8.33	 8.33	 12.5	 25.0	 0.0
YS-NB190321nv	 0.0	 4.29	 10.0	 19.29	 14.29	 16.43	 17.86	 17.86	 0.0
MT2018SS	 0.0	 10.1	 9.09	 14.14	 11.11	 22.22	 16.16	 17.17	 2.0
YS-NB190321nv	 0.0	 14.44	 10.0	 16.67	 14.44	 13.33	 15.56	 15.56	 0.0
MT2018SS	 0.0	 9.43	 1.89	 11.32	 15.09	 20.75	 13.21	 28.3	 2.0
YS-NB190321nv	 0.0	 9.76	 13.01	 16.26	 13.82	 13.82	 15.45	 17.89	 1.0
MT2018SS	 0.0	 10.45	 5.97	 8.96	 14.93	 16.42	 13.43	 29.85	 2.0
YS-NB190321nv	 0.0	 8.33	 13.89	 12.5	 9.72	 25.0	 16.67	 13.89	 0.0
MT2018SS	 0.0	 12.5	 8.93	 8.93	 7.14	 19.64	 14.29	 28.57	 1.0
YS-NB190321nv	 0.0	 14.17	 7.87	 16.54	 19.69	 18.9	 16.54	 6.3	 2.0
MT2018SS	 0.0	 16.67	 4.55	 15.15	 9.09	 15.15	 18.18	 21.21	 2.0
YS-NB190321nv	 0.0	 9.6	 9.6	 8.8	 24.8	 20.8	 16.8	 9.6	 2.0
MT2018SS	 0.0	 15.52	 8.62	 10.34	 12.07	 17.24	 15.52	 20.69	 0.0
YS-NB190321nv	 0.0	 10.06	 12.58	 11.95	 15.72	 23.27	 20.13	 6.29	 1.0
MT2018SS	 0.0	 13.21	 3.77	 15.09	 13.21	 20.75	 20.75	 13.21	 1.0
YS-NB190321nv	 0.0	 8.47	 9.32	 17.8	 20.34	 11.02	 16.1	 16.95	 2.0
MT2018SS	 0.0	 10.81	 6.76	 8.11	 17.57	 18.92	 16.22	 21.62	 1.0
YS-NB190321nv	 0.0	 7.69	 7.69	 20.77	 18.46	 20.77	 14.62	 10.0	 2.0
MT2018SS	 0.0	 15.0	 5.0	 20.0	 25.0	 20.0	 5.0	 10.0	 1.0
YS-NB190321nv	 0.0	 8.46	 10.0	 10.0	 16.92	 16.92	 21.54	 16.15	 0.0
MT2018SS	 0.0	 10.29	 11.76	 17.65	 16.18	 17.65	 16.18	 10.29	 0.0
YS-NB190321nv	 0.0	 9.23	 10.77	 10.77	 18.46	 14.62	 17.69	 18.46	 0.0
MT2018SS	 0.0	 8.06	 12.9	 4.84	 16.13	 14.52	 29.03	 14.52	 1.0
YS-NB190321nv	 0.0	 3.7	 8.64	 18.52	 14.81	 29.63	 12.35	 12.35	 2.0
MT2018SS	 0.0	 6.33	 1.27	 12.66	 15.19	 24.05	 12.66	 27.85	 1.0
YS-NB190321nv	 0.0	 6.19	 10.31	 17.53	 17.53	 19.59	 20.62	 8.25	 2.0
MT2018SS	 0.0	 11.43	 11.43	 12.86	 4.29	 21.43	 14.29	 24.29	 0.0
YS-NB190321nv	 0.0	 12.0	 13.33	 17.33	 14.67	 16.0	 13.33	 13.33	 1.0
MT2018SS	 0.0	 3.57	 14.29	 21.43	 14.29	 14.29	 17.86	 14.29	 1.0
YS-NB190321nv	 0.0	 8.05	 10.34	 16.09	 13.79	 21.84	 18.39	 11.49	 0.0
MT2018SS	 0.0	 8.75	 8.75	 6.25	 8.75	 22.5	 22.5	 22.5	 0.0
YS-NB190321nv	 0.0	 16.09	 3.45	 16.09	 13.79	 25.29	 14.94	 10.34	 0.0
MT2018SS	 0.0	 10.2	 10.2	 8.16	 18.37	 20.41	 20.41	 12.24	 1.0
YS-NB190321v	 0.0	 11.49	 11.49	 17.24	 13.79	 26.44	 8.05	 11.49	 2.0
Alice	 0.0	 15.52	 3.45	 15.52	 10.34	 12.07	 17.24	 25.86	 0.0
YS-NB190321v	 0.0	 9.26	 9.26	 14.81	 15.74	 15.74	 12.04	 23.15	 0.0
Alice	 0.0	 3.33	 0.0	 10.0	 20.0	 20.0	 16.67	 30.0	 1.0
YS-NB190321v	 0.0	 8.49	 6.6	 14.15	 19.81	 15.09	 15.09	 20.75	 1.0
Alice	 0.0	 9.52	 7.14	 7.14	 9.52	 19.05	 21.43	 26.19	 3.0
YS-NB190321v	 0.0	 10.19	 5.56	 16.67	 13.89	 15.74	 21.3	 16.67	 1.0
Alice	 0.0	 11.76	 8.82	 11.76	 20.59	 8.82	 17.65	 20.59	 2.0
YS-NB190321v	 0.0	 13.68	 15.79	 20.0	 13.68	 16.84	 14.74	 5.26	 0.0
Alice	 0.0	 15.56	 4.44	 13.33	 0.0	 22.22	 24.44	 20.0	 1.0
YS-NB190321v	 0.0	 9.52	 5.95	 17.86	 22.62	 15.48	 15.48	 13.1	 0.0
Alice	 0.0	 9.68	 9.68	 4.84	 16.13	 24.19	 19.35	 16.13	 0.0
YS-NB190321v	 0.0	 3.74	 2.8	 17.76	 25.23	 27.1	 18.69	 4.67	 0.0
Alice	 0.0	 4.35	 4.35	 8.7	 20.29	 21.74	 17.39	 23.19	 1.0
YS-NB190321v	 0.0	 11.21	 6.03	 10.34	 16.38	 18.97	 15.52	 21.55	 1.0
Alice	 0.0	 8.57	 11.43	 5.71	 28.57	 17.14	 11.43	 17.14	 0.0
YS-NB190321v	 0.0	 7.84	 2.94	 13.73	 27.45	 16.67	 15.69	 15.69	 0.0
Alice	 0.0	 5.56	 8.33	 11.11	 5.56	 33.33	 11.11	 25.0	 0.0
YS-NB190321v	 0.0	 10.98	 13.41	 19.51	 14.63	 17.07	 14.63	 9.76	 0.0
Alice	 0.0	 4.88	 2.44	 12.2	 9.76	 26.83	 26.83	 17.07	 0.0
YS-NB190321v	 0.0	 13.04	 14.49	 15.94	 17.39	 14.49	 14.49	 10.14	 1.0
Alice	 0.0	 11.43	 5.71	 8.57	 22.86	 22.86	 17.14	 11.43	 1.0
YS-NB190321v	 0.0	 9.09	 7.95	 18.18	 11.36	 17.05	 10.23	 26.14	 2.0
Alice	 0.0	 3.7	 7.41	 18.52	 7.41	 11.11	 29.63	 22.22	 1.0
YS-NB190321v	 0.0	 18.06	 8.33	 13.89	 13.89	 13.89	 20.83	 11.11	 0.0
Alice	 0.0	 9.33	 8.0	 6.67	 14.67	 17.33	 22.67	 21.33	 1.0
YS-NB190321v	 0.0	 9.46	 6.76	 24.32	 16.22	 14.86	 10.81	 17.57	 0.0
Alice	 0.0	 5.88	 8.82	 0.0	 14.71	 17.65	 26.47	 26.47	 0.0
YS-NB190321v	 0.0	 4.76	 7.94	 17.46	 22.22	 23.81	 19.05	 4.76	 1.0
Alice	 0.0	 10.26	 2.56	 15.38	 20.51	 17.95	 20.51	 12.82	 1.0
YS-NB190321v	 0.0	 12.5	 8.75	 7.5	 25.0	 26.25	 15.0	 5.0	 2.0
Alice	 0.0	 15.69	 5.88	 11.76	 13.73	 19.61	 17.65	 15.69	 1.0
YS-NB190321v	 0.0	 10.14	 5.8	 18.84	 13.77	 19.57	 19.57	 12.32	 0.0
Alice	 0.0	 15.0	 1.67	 11.67	 13.33	 16.67	 16.67	 25.0	 0.0
YS-NB190321v	 0.0	 10.0	 8.0	 10.0	 16.0	 20.0	 18.0	 18.0	 0.0
Alice	 0.0	 14.75	 6.56	 9.84	 16.39	 14.75	 16.39	 21.31	 1.0
YS-NB190321v	 0.0	 10.62	 12.39	 15.04	 18.58	 15.93	 13.27	 14.16	 0.0
Alice	 0.0	 24.44	 11.11	 17.78	 8.89	 15.56	 15.56	 6.67	 0.0
YS-NB190321v	 0.0	 6.85	 13.7	 12.33	 9.59	 24.66	 8.22	 24.66	 1.0
Alice	 0.0	 6.45	 12.9	 6.45	 6.45	 19.35	 12.9	 35.48	 2.0
YS-NB190321v	 0.0	 15.46	 6.19	 13.4	 15.46	 11.34	 16.49	 21.65	 0.0
Alice	 0.0	 13.21	 5.66	 13.21	 18.87	 5.66	 15.09	 28.3	 1.0
YS-NB190321v	 0.0	 7.04	 9.86	 11.27	 11.27	 16.9	 19.72	 23.94	 0.0
Alice	 0.0	 14.29	 4.29	 7.14	 17.14	 12.86	 22.86	 21.43	 2.0
YS-NB190321v	 0.0	 8.11	 12.61	 19.82	 17.12	 15.32	 16.22	 10.81	 0.0
Alice	 0.0	 3.64	 9.09	 7.27	 18.18	 29.09	 21.82	 10.91	 0.0
YS-NB190321v	 0.0	 7.92	 8.91	 21.78	 12.87	 11.88	 13.86	 22.77	 1.0
Alice	 0.0	 7.69	 12.82	 2.56	 23.08	 25.64	 5.13	 23.08	 3.0
YS-NB190321v	 0.0	 9.52	 6.35	 20.63	 15.87	 15.87	 19.05	 12.7	 0.0
Alice	 0.0	 8.51	 4.26	 4.26	 34.04	 6.38	 14.89	 27.66	 1.0
YS-NB190321v	 0.0	 10.0	 7.5	 13.75	 18.75	 17.5	 16.25	 16.25	 0.0
Alice	 0.0	 29.03	 3.23	 0.0	 22.58	 6.45	 19.35	 19.35	 1.0
YS-NB190321v	 0.0	 11.76	 8.24	 22.35	 15.29	 18.82	 7.06	 16.47	 0.0
Alice	 0.0	 13.46	 3.85	 9.62	 13.46	 21.15	 15.38	 23.08	 1.0
YS-NB190321v	 0.0	 14.14	 15.15	 14.14	 8.08	 15.15	 15.15	 18.18	 1.0
Alice	 0.0	 7.32	 7.32	 12.2	 12.2	 14.63	 4.88	 41.46	 1.0
YS-NB190321v	 0.0	 11.32	 12.26	 11.32	 15.09	 19.81	 16.98	 13.21	 0.0
Alice	 0.0	 10.34	 10.34	 17.24	 17.24	 13.79	 17.24	 13.79	 0.0
YS-NB190321v	 0.0	 4.6	 11.49	 18.39	 19.54	 13.79	 21.84	 10.34	 0.0
Alice	 0.0	 13.89	 22.22	 16.67	 8.33	 22.22	 13.89	 2.78	 1.0
YS-NB190321v	 0.0	 10.14	 10.14	 11.59	 10.14	 17.39	 20.29	 20.29	 0.0
Alice	 0.0	 8.11	 16.22	 18.92	 5.41	 24.32	 18.92	 8.11	 2.0
YS-NB190321v	 0.0	 10.87	 13.04	 10.87	 26.09	 10.87	 10.87	 17.39	 0.0
Alice	 0.0	 18.42	 2.63	 7.89	 21.05	 15.79	 18.42	 15.79	 2.0
YS-NB190321v	 0.0	 14.46	 3.61	 13.25	 10.84	 22.89	 10.84	 24.1	 0.0
Alice	 0.0	 5.88	 8.82	 11.76	 11.76	 17.65	 26.47	 17.65	 0.0
YS-NB190321v	 0.0	 6.82	 9.09	 9.09	 19.32	 19.32	 22.73	 13.64	 0.0
Alice	 0.0	 15.91	 9.09	 11.36	 22.73	 15.91	 9.09	 15.91	 1.0
YS-NB190321v	 0.0	 16.39	 8.2	 22.95	 9.84	 16.39	 11.48	 14.75	 0.0
Alice	 0.0	 15.22	 4.35	 6.52	 10.87	 8.7	 8.7	 45.65	 0.0
YS-NB190321v	 0.0	 5.88	 8.09	 17.65	 17.65	 13.97	 16.91	 19.85	 1.0
Alice	 0.0	 14.29	 2.86	 20.0	 5.71	 22.86	 25.71	 8.57	 1.0
YS-NB190321v	 0.0	 9.78	 14.13	 14.13	 21.74	 14.13	 15.22	 10.87	 1.0
Alice	 0.0	 15.0	 5.0	 22.5	 10.0	 10.0	 27.5	 10.0	 2.0
YS-NB190321v	 0.0	 12.82	 12.82	 9.4	 27.35	 15.38	 16.24	 5.98	 0.0
Alice	 0.0	 4.08	 12.24	 16.33	 16.33	 16.33	 18.37	 16.33	 0.0
YS-NB190321v	 0.0	 12.12	 12.12	 20.2	 12.12	 22.22	 15.15	 6.06	 0.0
Alice	 0.0	 8.89	 4.44	 4.44	 17.78	 22.22	 11.11	 31.11	 0.0
YS-NB190321v	 0.0	 10.09	 11.01	 13.76	 14.68	 22.02	 18.35	 10.09	 1.0
Alice	 0.0	 12.12	 0.0	 9.09	 15.15	 21.21	 12.12	 30.3	 5.0
YS-NB190321v	 0.0	 11.11	 2.22	 13.33	 24.44	 20.0	 15.56	 13.33	 0.0
Alice	 0.0	 12.28	 17.54	 7.02	 26.32	 22.81	 10.53	 3.51	 1.0
YS-NB190321v	 0.0	 9.65	 8.77	 14.04	 19.3	 13.16	 20.18	 14.91	 1.0
Alice	 0.0	 6.67	 13.33	 4.44	 11.11	 11.11	 24.44	 28.89	 0.0
YS-NB190321v	 0.0	 12.37	 7.22	 15.46	 12.37	 17.53	 14.43	 20.62	 0.0
Alice	 0.0	 4.17	 6.25	 6.25	 20.83	 16.67	 25.0	 20.83	 1.0
YS-NB190321v	 0.0	 10.09	 10.09	 11.93	 21.1	 18.35	 15.6	 12.84	 0.0
Alice	 0.0	 0.0	 2.94	 20.59	 5.88	 14.71	 20.59	 35.29	 0.0
YS-NB190321v	 0.0	 0.0	 6.25	 12.5	 12.5	 31.25	 18.75	 18.75	 1.0
Hfut2018GS	 0.0	 18.75	 3.12	 15.62	 18.75	 21.88	 12.5	 9.38	 0.0
YS-NB190321v	 0.0	 6.15	 13.85	 12.31	 12.31	 16.92	 21.54	 16.92	 0.0
Hfut2018GS	 0.0	 4.48	 5.97	 5.97	 14.93	 11.94	 16.42	 40.3	 1.0
YS-NB190321v	 0.0	 2.63	 15.79	 15.79	 21.05	 7.89	 21.05	 15.79	 1.0
Hfut2018GS	 0.0	 10.0	 8.75	 3.75	 11.25	 13.75	 30.0	 22.5	 1.0
YS-NB190321v	 0.0	 22.0	 8.0	 6.0	 12.0	 22.0	 16.0	 14.0	 0.0
Hfut2018GS	 0.0	 8.91	 10.89	 10.89	 10.89	 16.83	 22.77	 18.81	 1.0
YS-NB190321v	 0.0	 15.38	 7.69	 0.0	 15.38	 30.77	 23.08	 7.69	 2.0
Hfut2018GS	 0.0	 12.26	 8.49	 7.55	 15.09	 18.87	 16.04	 21.7	 0.0
YS-NB190321v	 0.0	 5.41	 13.51	 18.92	 10.81	 24.32	 18.92	 8.11	 0.0
Hfut2018GS	 0.0	 18.48	 5.43	 9.78	 13.04	 14.13	 15.22	 23.91	 1.0
YS-NB190321v	 0.0	 10.71	 7.14	 25.0	 17.86	 10.71	 14.29	 14.29	 0.0
Hfut2018GS	 0.0	 10.53	 8.42	 12.63	 8.42	 12.63	 21.05	 26.32	 2.0
YS-NB190321v	 0.0	 18.18	 9.09	 12.73	 14.55	 20.0	 14.55	 10.91	 1.0
Hfut2018GS	 0.0	 7.41	 5.56	 11.11	 14.81	 27.78	 16.67	 16.67	 1.0
YS-NB190321v	 0.0	 10.87	 6.52	 19.57	 6.52	 21.74	 8.7	 26.09	 2.0
Hfut2018GS	 0.0	 6.49	 5.19	 6.49	 15.58	 12.99	 27.27	 25.97	 0.0
YS-NB190321v	 0.0	 12.9	 12.9	 6.45	 6.45	 32.26	 16.13	 12.9	 1.0
Hfut2018GS	 0.0	 4.48	 5.97	 11.94	 16.42	 22.39	 28.36	 10.45	 0.0
YS-NB190321v	 0.0	 11.54	 7.69	 15.38	 15.38	 15.38	 20.51	 14.1	 0.0
Hfut2018GS	 0.0	 10.0	 6.0	 18.0	 14.0	 22.0	 16.0	 14.0	 0.0
YS-NB190321v	 0.0	 13.33	 10.0	 13.33	 10.0	 6.67	 10.0	 36.67	 1.0
Hfut2018GS	 0.0	 6.33	 8.86	 6.33	 10.13	 17.72	 21.52	 29.11	 0.0
YS-NB190321v	 0.0	 18.75	 3.12	 9.38	 18.75	 6.25	 15.62	 28.12	 2.0
Hfut2018GS	 0.0	 7.69	 10.26	 12.82	 15.38	 19.23	 16.67	 17.95	 1.0
YS-NB190321v	 0.0	 12.0	 12.0	 4.0	 24.0	 28.0	 8.0	 12.0	 0.0
Hfut2018GS	 0.0	 11.11	 4.63	 12.04	 18.52	 16.67	 12.96	 24.07	 2.0
YS-NB190321v	 0.0	 17.24	 13.79	 17.24	 15.52	 25.86	 5.17	 5.17	 2.0
Hfut2018GS	 0.0	 14.75	 11.48	 6.56	 11.48	 21.31	 11.48	 22.95	 2.0
YS-NB190321v	 0.0	 13.85	 9.23	 13.85	 18.46	 9.23	 13.85	 21.54	 0.0
Hfut2018GS	 0.0	 9.41	 8.24	 8.24	 9.41	 14.12	 28.24	 22.35	 1.0
YS-NB190321v	 0.0	 18.52	 3.7	 11.11	 14.81	 11.11	 25.93	 14.81	 0.0
Hfut2018GS	 0.0	 3.12	 7.81	 7.81	 15.62	 12.5	 25.0	 28.12	 0.0
YS-NB190321v	 0.0	 7.27	 9.09	 14.55	 20.0	 14.55	 14.55	 20.0	 1.0
Hfut2018GS	 0.0	 13.92	 6.33	 6.33	 8.86	 10.13	 25.32	 29.11	 0.0
YS-NB190321v	 0.0	 10.0	 15.0	 7.5	 20.0	 22.5	 12.5	 12.5	 2.0
Hfut2018GS	 0.0	 13.85	 6.15	 10.77	 12.31	 13.85	 20.0	 23.08	 2.0
YS-NB190321v	 0.0	 14.81	 9.26	 9.26	 14.81	 24.07	 12.96	 14.81	 1.0
Hfut2018GS	 0.0	 9.3	 8.14	 5.81	 11.63	 18.6	 23.26	 23.26	 1.0
YS-NB190321v	 0.0	 6.25	 18.75	 9.38	 21.88	 18.75	 12.5	 12.5	 1.0
Hfut2018GS	 0.0	 17.19	 6.25	 7.81	 26.56	 17.19	 10.94	 14.06	 0.0
YS-NB190321v	 0.0	 20.0	 0.0	 0.0	 10.0	 25.0	 15.0	 30.0	 2.0
Hfut2018GS	 0.0	 5.94	 1.98	 8.91	 14.85	 16.83	 25.74	 25.74	 0.0
YS-NB190321v	 0.0	 16.13	 3.23	 19.35	 6.45	 16.13	 19.35	 19.35	 4.0
Hfut2018GS	 0.0	 8.89	 5.56	 11.11	 11.11	 18.89	 28.89	 15.56	 1.0
YS-NB190321v	 0.0	 26.32	 7.89	 7.89	 13.16	 10.53	 21.05	 13.16	 2.0
Hfut2018GS	 0.0	 10.75	 3.23	 11.83	 15.05	 20.43	 19.35	 19.35	 1.0
YS-NB190321v	 0.0	 13.16	 10.53	 18.42	 13.16	 21.05	 13.16	 10.53	 1.0
Hfut2018GS	 0.0	 15.38	 8.65	 8.65	 11.54	 25.0	 15.38	 15.38	 1.0
YS-NB190321v	 0.0	 23.53	 5.88	 8.82	 14.71	 20.59	 17.65	 8.82	 0.0
Hfut2018GS	 0.0	 4.6	 3.45	 2.3	 4.6	 19.54	 12.64	 52.87	 2.0
YS-NB190321v	 0.0	 0.0	 4.35	 4.35	 26.09	 17.39	 17.39	 30.43	 1.0
Hfut2018GS	 0.0	 8.33	 6.94	 9.72	 4.17	 29.17	 19.44	 22.22	 2.0
YS-NB190321v	 0.0	 2.94	 13.24	 11.76	 25.0	 26.47	 10.29	 10.29	 2.0
Hfut2018GS	 0.0	 3.33	 6.67	 5.0	 21.67	 18.33	 20.0	 25.0	 1.0
YS-NB190321v	 0.0	 11.11	 12.96	 7.41	 22.22	 24.07	 5.56	 16.67	 1.0
Hfut2018GS	 0.0	 9.89	 4.4	 10.99	 10.99	 14.29	 24.18	 25.27	 0.0
YS-NB190321v	 0.0	 9.09	 22.73	 13.64	 13.64	 9.09	 18.18	 13.64	 1.0
Hfut2018GS	 0.0	 9.46	 6.76	 9.46	 12.16	 21.62	 17.57	 22.97	 2.0
YS-NB190321v	 0.0	 11.54	 11.54	 23.08	 7.69	 23.08	 11.54	 11.54	 1.0
Hfut2018GS	 0.0	 11.43	 5.71	 4.29	 17.14	 20.0	 12.86	 28.57	 0.0
YS-NB190321v	 0.0	 13.16	 10.53	 10.53	 18.42	 18.42	 18.42	 10.53	 0.0
Hfut2018GS	 0.0	 4.17	 14.58	 22.92	 8.33	 29.17	 6.25	 14.58	 0.0
YS-NB190321v	 0.0	 9.68	 6.45	 16.13	 35.48	 9.68	 16.13	 6.45	 2.0
Hfut2018GS	 0.0	 5.26	 2.63	 9.21	 17.11	 11.84	 18.42	 35.53	 2.0
YS-NB190321v	 0.0	 11.76	 11.76	 14.71	 11.76	 23.53	 17.65	 8.82	 0.0
Hfut2018GS	 0.0	 8.0	 8.0	 9.33	 6.67	 13.33	 22.67	 32.0	 1.0
YS-NB190321v	 0.0	 14.63	 9.76	 34.15	 7.32	 14.63	 14.63	 4.88	 1.0
Hfut2018GS	 0.0	 14.63	 10.98	 7.32	 6.1	 20.73	 20.73	 19.51	 0.0
YS-NB190321v	 0.0	 29.41	 0.0	 29.41	 5.88	 17.65	 5.88	 11.76	 0.0
Hfut2018GS	 0.0	 10.0	 4.0	 15.0	 10.0	 22.0	 14.0	 25.0	 1.0
YS-NB190321v	 0.0	 10.71	 7.14	 21.43	 21.43	 25.0	 14.29	 0.0	 0.0
Hfut2018GS	 0.0	 6.2	 4.65	 6.2	 14.73	 15.5	 16.28	 36.43	 1.0
YS-NB190321v	 0.0	 8.11	 9.46	 6.76	 14.86	 20.27	 16.22	 24.32	 1.0
Hfut2018GS	 0.0	 5.56	 4.17	 15.28	 16.67	 18.06	 18.06	 22.22	 0.0
YS-NB190321v	 0.0	 15.38	 0.0	 7.69	 15.38	 30.77	 15.38	 15.38	 0.0
Hfut2018GS	 0.0	 6.12	 3.06	 11.22	 12.24	 9.18	 21.43	 36.73	 0.0
YS-NB190321v	 0.0	 9.09	 9.09	 21.21	 33.33	 15.15	 6.06	 6.06	 3.0
Hfut2018GS	 0.0	 10.14	 5.8	 4.35	 15.94	 21.74	 17.39	 24.64	 0.0
YS-NB190321v	 0.0	 17.95	 0.0	 10.26	 15.38	 28.21	 12.82	 15.38	 0.0
Hfut2018GS	 0.0	 8.94	 10.57	 10.57	 16.26	 14.63	 23.58	 15.45	 1.0
YS-NB190321v	 0.0	 9.76	 7.32	 14.63	 21.95	 12.2	 12.2	 21.95	 1.0
Hfut2018GS	 0.0	 5.71	 7.14	 8.57	 10.0	 15.71	 24.29	 28.57	 0.0
YS-NB190321v	 0.0	 16.0	 12.0	 8.0	 10.0	 18.0	 12.0	 24.0	 2.0
Hfut2018GS	 0.0	 9.68	 6.45	 10.75	 11.83	 11.83	 19.35	 30.11	 1.0
YS-NB190321v	 0.0	 17.14	 17.14	 11.43	 8.57	 14.29	 17.14	 14.29	 0.0
Hfut2018GS	 0.0	 6.9	 6.9	 11.49	 9.2	 9.2	 13.79	 42.53	 0.0
YS-NB190321v	 0.0	 7.22	 5.15	 22.68	 14.43	 11.34	 13.4	 25.77	 1.0
MT2018SS	 0.0	 9.68	 4.84	 16.13	 9.68	 12.9	 25.81	 20.97	 1.0
YS-NB190321v	 0.0	 8.57	 11.43	 18.1	 15.24	 11.43	 16.19	 19.05	 1.0
MT2018SS	 0.0	 18.0	 8.0	 6.0	 10.0	 10.0	 18.0	 30.0	 3.0
YS-NB190321v	 0.0	 11.65	 6.8	 18.45	 15.53	 12.62	 22.33	 12.62	 1.0
MT2018SS	 0.0	 2.67	 6.67	 16.0	 14.67	 16.0	 18.67	 25.33	 0.0
YS-NB190321v	 0.0	 12.24	 14.29	 9.18	 16.33	 17.35	 13.27	 17.35	 0.0
MT2018SS	 0.0	 12.82	 7.69	 14.1	 12.82	 20.51	 19.23	 12.82	 0.0
YS-NB190321v	 0.0	 14.86	 9.46	 21.62	 13.51	 14.86	 20.27	 5.41	 3.0
MT2018SS	 0.0	 15.15	 12.12	 12.12	 12.12	 9.09	 12.12	 27.27	 1.0
YS-NB190321v	 0.0	 5.56	 8.64	 19.14	 19.14	 12.35	 11.73	 23.46	 1.0
MT2018SS	 0.0	 6.15	 7.69	 12.31	 23.08	 12.31	 20.0	 18.46	 2.0
YS-NB190321v	 0.0	 5.0	 5.0	 12.0	 21.0	 14.0	 18.0	 25.0	 1.0
MT2018SS	 0.0	 9.47	 4.21	 15.79	 8.42	 9.47	 15.79	 36.84	 1.0
YS-NB190321v	 0.0	 10.49	 7.41	 12.35	 14.2	 22.22	 20.99	 12.35	 1.0
MT2018SS	 0.0	 13.46	 3.85	 7.69	 1.92	 7.69	 17.31	 48.08	 2.0
YS-NB190321v	 0.0	 7.87	 4.49	 12.36	 21.35	 16.85	 14.61	 22.47	 0.0
MT2018SS	 0.0	 12.71	 7.63	 10.17	 16.95	 15.25	 16.95	 20.34	 0.0
YS-NB190321v	 0.0	 6.96	 7.83	 18.26	 25.22	 13.04	 15.65	 13.04	 0.0
MT2018SS	 0.0	 17.39	 0.0	 14.49	 13.04	 20.29	 14.49	 20.29	 0.0
YS-NB190321v	 0.0	 13.19	 7.69	 18.68	 19.78	 19.78	 9.89	 10.99	 0.0
MT2018SS	 0.0	 12.31	 20.0	 9.23	 7.69	 15.38	 12.31	 23.08	 0.0
YS-NB190321v	 0.0	 8.04	 10.71	 13.39	 18.75	 19.64	 15.18	 14.29	 0.0
MT2018SS	 0.0	 13.04	 7.25	 7.25	 15.94	 17.39	 18.84	 20.29	 1.0
YS-NB190321v	 0.0	 8.76	 7.3	 17.52	 17.52	 16.06	 16.06	 16.79	 1.0
MT2018SS	 0.0	 20.0	 12.0	 17.33	 6.67	 9.33	 16.0	 18.67	 2.0
YS-NB190321v	 0.0	 7.14	 10.71	 16.67	 23.81	 10.71	 16.67	 14.29	 3.0
MT2018SS	 0.0	 12.12	 6.06	 9.09	 15.15	 12.12	 21.21	 24.24	 2.0
YS-NB190321v	 0.0	 8.16	 4.08	 10.2	 21.43	 19.39	 17.35	 19.39	 0.0
MT2018SS	 0.0	 2.44	 4.88	 14.63	 17.07	 14.63	 12.2	 34.15	 1.0
YS-NB190321v	 0.0	 6.2	 5.43	 20.16	 24.03	 13.18	 17.05	 13.95	 0.0
MT2018SS	 0.0	 4.08	 6.12	 12.24	 18.37	 16.33	 16.33	 26.53	 3.0
YS-NB190321v	 0.0	 9.66	 5.52	 20.0	 23.45	 20.0	 13.79	 7.59	 1.0
MT2018SS	 0.0	 10.53	 15.79	 15.79	 12.28	 12.28	 19.3	 14.04	 0.0
YS-NB190321v	 0.0	 14.55	 9.09	 15.76	 13.33	 13.33	 12.12	 21.82	 0.0
MT2018SS	 0.0	 4.55	 18.18	 9.09	 4.55	 22.73	 9.09	 31.82	 1.0
YS-NB190321v	 0.0	 8.62	 10.34	 9.48	 18.97	 15.52	 22.41	 14.66	 3.0
MT2018SS	 0.0	 13.33	 13.33	 10.0	 10.0	 16.67	 13.33	 23.33	 0.0
YS-NB190321v	 0.0	 10.74	 4.96	 15.7	 17.36	 19.01	 15.7	 16.53	 2.0
MT2018SS	 0.0	 11.76	 1.96	 7.84	 15.69	 27.45	 11.76	 23.53	 1.0
YS-NB190321v	 0.0	 5.38	 8.6	 20.43	 9.68	 19.35	 19.35	 17.2	 3.0
MT2018SS	 0.0	 12.33	 10.96	 10.96	 10.96	 23.29	 10.96	 20.55	 2.0
YS-NB190321v	 0.0	 10.19	 10.19	 18.52	 21.3	 8.33	 17.59	 13.89	 2.0
MT2018SS	 0.0	 14.75	 9.84	 11.48	 8.2	 18.03	 14.75	 22.95	 5.0
YS-NB190321v	 0.0	 7.88	 7.27	 13.33	 21.82	 17.58	 17.58	 14.55	 2.0
MT2018SS	 0.0	 10.67	 9.33	 14.67	 18.67	 12.0	 18.67	 16.0	 0.0
YS-NB190321v	 0.0	 6.4	 12.8	 17.6	 14.4	 18.4	 20.0	 10.4	 1.0
MT2018SS	 0.0	 10.53	 7.89	 11.84	 10.53	 19.74	 23.68	 15.79	 1.0
YS-NB190321v	 0.0	 11.71	 7.21	 19.82	 20.72	 19.82	 16.22	 4.5	 1.0
MT2018SS	 0.0	 9.3	 0.0	 23.26	 11.63	 18.6	 13.95	 23.26	 0.0
YS-NB190321v	 0.0	 7.41	 10.19	 9.26	 15.74	 17.59	 22.22	 17.59	 1.0
MT2018SS	 0.0	 21.05	 7.89	 13.16	 7.89	 15.79	 13.16	 21.05	 0.0
YS-NB190321v	 0.0	 9.65	 10.53	 13.16	 21.05	 17.54	 19.3	 8.77	 1.0
MT2018SS	 0.0	 21.05	 12.28	 8.77	 22.81	 14.04	 10.53	 10.53	 2.0
YS-NB190321v	 0.0	 11.54	 12.31	 19.23	 23.08	 13.08	 15.38	 5.38	 1.0
MT2018SS	 0.0	 21.05	 0.0	 15.79	 21.05	 13.16	 15.79	 13.16	 1.0
YS-NB190321v	 0.0	 4.07	 10.57	 14.63	 15.45	 30.89	 16.26	 8.13	 2.0
MT2018SS	 0.0	 16.67	 22.22	 0.0	 5.56	 13.89	 25.0	 16.67	 0.0
YS-NB190321v	 0.0	 5.79	 14.88	 13.22	 15.7	 15.7	 19.01	 15.7	 3.0
MT2018SS	 0.0	 9.57	 10.64	 12.77	 9.57	 22.34	 18.09	 17.02	 2.0
YS-NB190321v	 0.0	 12.71	 8.47	 11.86	 30.51	 13.56	 13.56	 9.32	 2.0
MT2018SS	 0.0	 19.57	 17.39	 10.87	 13.04	 8.7	 15.22	 15.22	 2.0
YS-NB190321v	 0.0	 6.77	 6.02	 18.05	 22.56	 10.53	 21.8	 14.29	 0.0
MT2018SS	 0.0	 4.76	 7.14	 19.05	 21.43	 11.9	 14.29	 21.43	 2.0
YS-NB190321v	 0.0	 12.61	 11.76	 21.85	 12.61	 15.97	 18.49	 6.72	 1.0
MT2018SS	 0.0	 3.03	 6.06	 19.7	 21.21	 25.76	 13.64	 10.61	 1.0
YS-NB190321v	 0.0	 10.43	 11.04	 15.95	 22.09	 20.25	 15.95	 4.29	 1.0
MT2018SS	 0.0	 8.86	 13.92	 11.39	 18.99	 13.92	 18.99	 13.92	 1.0
YS-NB190321v	 0.0	 5.76	 12.23	 18.71	 19.42	 16.55	 17.27	 10.07	 3.0
MT2018SS	 0.0	 10.26	 7.69	 12.82	 20.51	 17.95	 10.26	 20.51	 1.0
YS-NB190321v	 0.0	 18.26	 15.65	 13.04	 13.04	 16.52	 14.78	 8.7	 0.0
MT2018SS	 0.0	 4.35	 8.7	 21.74	 10.87	 19.57	 15.22	 19.57	 1.0
YS-NB190321v	 0.0	 5.73	 10.83	 22.29	 19.11	 17.2	 14.65	 10.19	 0.0
MT2018SS	 0.0	 13.64	 4.55	 15.91	 18.18	 22.73	 15.91	 9.09	 4.0
YS-NB190321v	 0.0	 7.25	 9.42	 14.49	 17.39	 10.14	 20.29	 21.01	 0.0
MT2018SS	 0.0	 16.13	 12.9	 12.9	 16.13	 16.13	 16.13	 9.68	 0.0
YS-NB190321v	 0.0	 7.27	 9.09	 16.36	 20.91	 16.36	 11.82	 18.18	 0.0
MT2018SS	 0.0	 2.63	 5.26	 7.89	 21.05	 21.05	 10.53	 31.58	 0.0
YS-NB190321v	 0.0	 11.46	 6.25	 14.58	 19.79	 16.67	 14.58	 16.67	 2.0
MT2018SS	 0.0	 14.29	 4.76	 9.52	 16.67	 28.57	 14.29	 11.9	 1.0
YS-NB190321v	 0.0	 13.01	 7.32	 15.45	 18.7	 17.89	 16.26	 11.38	 1.0
MT2018SS	 0.0	 10.77	 9.23	 9.23	 18.46	 15.38	 15.38	 21.54	 3.0
YS-NB190321v	 0.0	 6.35	 6.35	 19.05	 15.87	 12.7	 23.02	 16.67	 0.0
MT2018SS	 0.0	 5.08	 6.78	 3.39	 18.64	 33.9	 15.25	 16.95	 0.0
YS-NB190321v	 0.0	 6.86	 13.71	 19.43	 16.57	 15.43	 14.86	 13.14	 1.0
MT2018SS	 0.0	 16.36	 5.45	 14.55	 10.91	 21.82	 14.55	 16.36	 0.0
YS-SC4231-0409	 0.0	 11.39	 5.06	 15.19	 12.66	 24.05	 16.46	 15.19	 2.0
Alice	 0.0	 35.71	 0.0	 7.14	 0.0	 7.14	 0.0	 50.0	 4.0
YS-SC4231-0409	 0.0	 5.56	 1.85	 12.96	 24.07	 22.22	 16.67	 16.67	 0.0
Alice	 0.0	 26.67	 10.0	 10.0	 6.67	 13.33	 20.0	 13.33	 2.0
YS-SC4231-0409	 0.0	 16.98	 3.77	 9.43	 16.98	 16.98	 15.09	 20.75	 2.0
Alice	 0.0	 10.81	 8.11	 10.81	 10.81	 24.32	 13.51	 21.62	 1.0
YS-SC4231-0409	 0.0	 15.52	 8.62	 13.79	 15.52	 13.79	 17.24	 15.52	 3.0
Alice	 0.0	 35.29	 0.0	 11.76	 5.88	 5.88	 17.65	 23.53	 1.0
YS-SC4231-0409	 0.0	 5.56	 9.72	 18.06	 15.28	 13.89	 19.44	 18.06	 2.0
Alice	 0.0	 7.69	 7.69	 11.54	 15.38	 15.38	 15.38	 26.92	 1.0
YS-SC4231-0409	 0.0	 9.09	 0.0	 9.09	 13.64	 18.18	 25.0	 25.0	 1.0
Alice	 0.0	 11.11	 16.67	 5.56	 33.33	 11.11	 16.67	 5.56	 4.0
YS-SC4231-0409	 0.0	 8.65	 7.69	 18.27	 17.31	 17.31	 18.27	 12.5	 3.0
Alice	 0.0	 20.69	 0.0	 13.79	 10.34	 27.59	 6.9	 20.69	 3.0
YS-SC4231-0409	 0.0	 9.72	 8.33	 13.89	 15.28	 13.89	 18.06	 20.83	 1.0
Alice	 0.0	 15.38	 11.54	 7.69	 15.38	 19.23	 15.38	 15.38	 0.0
YS-SC4231-0409	 0.0	 10.34	 6.9	 8.62	 18.97	 37.93	 5.17	 12.07	 2.0
Alice	 0.0	 8.47	 3.39	 11.86	 11.86	 15.25	 22.03	 27.12	 3.0
YS-SC4231-0409	 0.0	 17.28	 6.17	 13.58	 20.99	 12.35	 20.99	 8.64	 3.0
Alice	 0.0	 8.82	 11.76	 5.88	 17.65	 5.88	 17.65	 32.35	 2.0
YS-SC4231-0409	 0.0	 14.29	 10.2	 14.29	 10.2	 20.41	 18.37	 12.24	 0.0
Alice	 0.0	 8.33	 2.08	 14.58	 6.25	 14.58	 16.67	 37.5	 0.0
YS-SC4231-0409	 0.0	 7.46	 2.99	 10.45	 11.94	 14.93	 23.88	 28.36	 0.0
Alice	 0.0	 5.56	 0.0	 16.67	 8.33	 16.67	 11.11	 41.67	 3.0
YS-SC4231-0409	 0.0	 10.91	 7.27	 16.36	 16.36	 27.27	 18.18	 3.64	 4.0
Alice	 0.0	 12.5	 8.33	 16.67	 4.17	 20.83	 16.67	 20.83	 2.0
YS-SC4231-0409	 0.0	 15.38	 15.38	 7.69	 12.82	 7.69	 15.38	 25.64	 1.0
Alice	 0.0	 5.41	 13.51	 5.41	 2.7	 27.03	 18.92	 27.03	 4.0
YS-SC4231-0409	 0.0	 16.42	 7.46	 4.48	 19.4	 13.43	 19.4	 19.4	 4.0
Alice	 0.0	 16.67	 3.33	 16.67	 6.67	 3.33	 20.0	 33.33	 1.0
YS-SC4231-0409	 0.0	 7.14	 14.29	 21.43	 28.57	 14.29	 7.14	 7.14	 1.0
Hfut2018GS	 0.0	 2.13	 4.26	 12.77	 12.77	 21.28	 31.91	 14.89	 4.0
YS-SC4231-0409	 0.0	 16.67	 8.33	 20.83	 29.17	 4.17	 12.5	 8.33	 2.0
Hfut2018GS	 0.0	 7.02	 7.02	 10.53	 22.81	 15.79	 22.81	 14.04	 1.0
YS-SC4231-0409	 0.0	 5.26	 5.26	 15.79	 5.26	 10.53	 21.05	 36.84	 1.0
Hfut2018GS	 0.0	 7.58	 6.06	 7.58	 10.61	 15.15	 24.24	 28.79	 1.0
YS-SC4231-0409	 0.0	 13.79	 6.9	 3.45	 24.14	 3.45	 13.79	 34.48	 0.0
Hfut2018GS	 0.0	 10.61	 4.55	 7.58	 9.09	 7.58	 22.73	 37.88	 0.0
YS-SC4231-0409	 0.0	 20.0	 15.0	 0.0	 5.0	 10.0	 10.0	 40.0	 0.0
Hfut2018GS	 0.0	 5.51	 3.94	 8.66	 8.66	 19.69	 21.26	 32.28	 2.0
YS-SC4231-0409	 0.0	 22.73	 0.0	 18.18	 13.64	 9.09	 9.09	 27.27	 2.0
Hfut2018GS	 0.0	 14.0	 2.0	 6.0	 8.0	 16.0	 20.0	 34.0	 2.0
YS-SC4231-0409	 0.0	 8.33	 8.33	 8.33	 50.0	 0.0	 16.67	 8.33	 1.0
Hfut2018GS	 0.0	 9.09	 2.27	 9.09	 18.18	 25.0	 15.91	 20.45	 1.0
YS-SC4231-0409	 0.0	 18.52	 11.11	 29.63	 7.41	 11.11	 11.11	 11.11	 0.0
Hfut2018GS	 0.0	 10.45	 5.97	 7.46	 10.45	 10.45	 25.37	 29.85	 1.0
YS-SC4231-0409	 0.0	 10.0	 15.0	 20.0	 0.0	 10.0	 35.0	 10.0	 0.0
Hfut2018GS	 0.0	 8.33	 4.17	 6.94	 8.33	 19.44	 19.44	 33.33	 0.0
YS-SC4231-0409	 0.0	 15.0	 0.0	 20.0	 15.0	 20.0	 20.0	 10.0	 2.0
Hfut2018GS	 0.0	 15.94	 2.9	 5.8	 7.25	 24.64	 23.19	 20.29	 1.0
YS-SC4231-0409	 0.0	 28.57	 0.0	 0.0	 21.43	 28.57	 7.14	 14.29	 1.0
Hfut2018GS	 0.0	 12.77	 3.19	 6.38	 9.57	 22.34	 27.66	 18.09	 1.0
YS-SC4231-0409	 0.0	 23.81	 0.0	 14.29	 33.33	 14.29	 14.29	 0.0	 1.0
Hfut2018GS	 0.0	 6.86	 3.92	 15.69	 14.71	 11.76	 20.59	 26.47	 1.0
YS-SC4231-0409	 0.0	 0.0	 0.0	 21.43	 14.29	 35.71	 7.14	 21.43	 2.0
Hfut2018GS	 0.0	 10.39	 3.9	 9.09	 15.58	 19.48	 20.78	 20.78	 4.0
YS-SC4231-0409	 0.0	 13.64	 9.09	 13.64	 13.64	 13.64	 13.64	 22.73	 1.0
Hfut2018GS	 0.0	 12.71	 3.39	 10.17	 14.41	 16.1	 20.34	 22.88	 0.0
YS-SC4231-0409	 0.0	 17.39	 17.39	 4.35	 17.39	 17.39	 17.39	 8.7	 2.0
Hfut2018GS	 0.0	 13.56	 6.78	 5.08	 16.95	 20.34	 23.73	 13.56	 1.0
YS-SC4231-0409	 0.0	 23.08	 10.26	 15.38	 17.95	 5.13	 15.38	 12.82	 2.0
HfutEngine2017	 0.0	 3.57	 3.57	 9.52	 19.05	 22.62	 20.24	 21.43	 2.0
YS-SC4231-0409	 0.0	 9.76	 4.88	 19.51	 14.63	 29.27	 7.32	 14.63	 1.0
HfutEngine2017	 0.0	 3.16	 1.05	 5.26	 12.63	 24.21	 20.0	 33.68	 2.0
YS-SC4231-0409	 0.0	 15.0	 15.0	 10.0	 15.0	 20.0	 0.0	 25.0	 2.0
HfutEngine2017	 0.0	 8.7	 2.9	 13.04	 10.14	 15.94	 26.09	 23.19	 2.0
YS-SC4231-0409	 0.0	 6.06	 12.12	 9.09	 18.18	 24.24	 15.15	 15.15	 1.0
HfutEngine2017	 0.0	 4.95	 6.93	 9.9	 11.88	 17.82	 14.85	 33.66	 1.0
YS-SC4231-0409	 0.0	 3.85	 15.38	 15.38	 19.23	 23.08	 11.54	 11.54	 3.0
