CYRUS2018	 42.86	 14.29	 7.14	 7.14	 7.14	 0.0	 7.14	 0.0	 0.0	 0.0	 14.29	 0.0	 0.0
AHUT-SC	 44.52	 17.12	 8.22	 4.11	 4.79	 5.48	 4.79	 2.74	 2.74	 5.48	 0.0	 0.0	 2.0
CYRUS2018	 31.58	 15.79	 5.26	 0.0	 5.26	 15.79	 5.26	 5.26	 0.0	 5.26	 5.26	 5.26	 0.0
AHUT-SC	 36.36	 21.21	 8.48	 8.48	 5.45	 4.85	 1.21	 2.42	 2.42	 2.42	 3.03	 3.64	 1.0
CYRUS2018	 23.08	 23.08	 3.85	 15.38	 0.0	 0.0	 3.85	 15.38	 0.0	 7.69	 7.69	 0.0	 2.0
AHUT-SC	 34.29	 18.29	 6.86	 8.57	 4.0	 8.0	 5.71	 4.57	 1.71	 1.71	 5.14	 1.14	 0.0
CYRUS2019	 20.0	 22.22	 4.44	 4.44	 4.44	 13.33	 6.67	 4.44	 4.44	 2.22	 8.89	 4.44	 1.0
AHUT-SC	 36.22	 20.47	 7.87	 3.94	 4.72	 4.72	 3.15	 3.15	 3.15	 7.09	 3.15	 2.36	 2.0
CYRUS2019	 23.33	 10.0	 16.67	 10.0	 3.33	 13.33	 10.0	 3.33	 3.33	 0.0	 3.33	 3.33	 0.0
AHUT-SC	 44.0	 20.0	 11.2	 3.2	 4.8	 4.0	 3.2	 4.0	 0.8	 4.0	 0.0	 0.8	 0.0
CYRUS2019	 14.63	 14.63	 14.63	 7.32	 4.88	 12.2	 9.76	 9.76	 2.44	 2.44	 4.88	 2.44	 0.0
AHUT-SC	 36.52	 20.0	 12.17	 3.48	 0.87	 10.43	 7.83	 3.48	 0.87	 1.74	 0.0	 2.61	 2.0
Fractals2019	 46.15	 23.08	 7.69	 7.69	 15.38	 0.0	 0.0	 0.0	 0.0	 0.0	 0.0	 0.0	 0.0
AHUT-SC	 32.03	 15.62	 10.94	 9.38	 7.81	 3.12	 3.91	 3.12	 3.91	 4.69	 3.12	 2.34	 0.0
Fractals2019	 21.05	 26.32	 5.26	 0.0	 15.79	 26.32	 0.0	 0.0	 0.0	 0.0	 0.0	 5.26	 0.0
AHUT-SC	 35.0	 6.25	 12.5	 6.25	 3.75	 6.25	 6.25	 5.0	 5.0	 2.5	 6.25	 5.0	 1.0
Fractals2019	 0.0	 0.0	 18.18	 18.18	 18.18	 0.0	 18.18	 0.0	 0.0	 0.0	 9.09	 18.18	 0.0
AHUT-SC	 32.61	 20.65	 4.35	 6.52	 5.43	 5.43	 4.35	 1.09	 4.35	 3.26	 8.7	 3.26	 2.0
HELIOS2018	 26.92	 7.69	 19.23	 7.69	 7.69	 3.85	 7.69	 0.0	 7.69	 3.85	 3.85	 3.85	 2.0
AHUT-SC	 30.59	 13.53	 9.41	 8.24	 4.71	 2.94	 7.65	 3.53	 4.12	 4.12	 2.94	 8.24	 0.0
HELIOS2018	 25.81	 6.45	 12.9	 3.23	 12.9	 6.45	 6.45	 0.0	 3.23	 6.45	 3.23	 12.9	 2.0
AHUT-SC	 27.71	 15.66	 7.23	 7.23	 10.84	 6.02	 7.23	 2.41	 2.41	 4.82	 2.41	 6.02	 0.0
HELIOS2018	 20.0	 11.11	 8.89	 13.33	 2.22	 15.56	 11.11	 0.0	 2.22	 4.44	 6.67	 4.44	 1.0
AHUT-SC	 31.48	 16.67	 12.04	 8.33	 2.78	 6.48	 5.56	 0.93	 3.7	 1.85	 7.41	 2.78	 0.0
HELIOS2019	 14.71	 17.65	 17.65	 2.94	 5.88	 5.88	 8.82	 14.71	 2.94	 5.88	 2.94	 0.0	 0.0
AHUT-SC	 32.86	 14.29	 15.71	 11.43	 10.0	 4.29	 5.71	 1.43	 1.43	 1.43	 1.43	 0.0	 1.0
HELIOS2019	 15.38	 26.92	 7.69	 3.85	 3.85	 3.85	 15.38	 7.69	 3.85	 3.85	 3.85	 3.85	 1.0
AHUT-SC	 26.88	 18.28	 8.6	 9.68	 4.3	 4.3	 5.38	 2.15	 3.23	 4.3	 9.68	 3.23	 0.0
HELIOS2019	 21.74	 10.87	 10.87	 4.35	 6.52	 13.04	 8.7	 6.52	 8.7	 2.17	 4.35	 2.17	 0.0
AHUT-SC	 38.46	 17.58	 8.79	 4.4	 3.3	 2.2	 4.4	 6.59	 2.2	 5.49	 4.4	 2.2	 0.0
MT2018SJB	 20.93	 16.28	 6.98	 4.65	 6.98	 2.33	 9.3	 6.98	 2.33	 6.98	 4.65	 11.63	 0.0
AHUT-SC	 38.33	 16.67	 10.0	 5.0	 3.33	 0.0	 8.33	 5.0	 0.0	 8.33	 1.67	 3.33	 2.0
MT2018SJB	 32.35	 17.65	 2.94	 5.88	 11.76	 14.71	 0.0	 2.94	 0.0	 5.88	 2.94	 2.94	 0.0
AHUT-SC	 30.0	 18.33	 11.67	 10.0	 5.0	 5.0	 1.67	 3.33	 3.33	 3.33	 3.33	 5.0	 1.0
MT2018SJB	 28.99	 13.04	 2.9	 7.25	 13.04	 5.8	 4.35	 4.35	 7.25	 2.9	 5.8	 4.35	 0.0
AHUT-SC	 13.51	 21.62	 8.11	 5.41	 5.41	 5.41	 8.11	 5.41	 0.0	 5.41	 8.11	 13.51	 4.0
YS-NB190321nv	 23.33	 8.33	 18.33	 5.0	 10.0	 10.0	 3.33	 5.0	 5.0	 6.67	 1.67	 3.33	 3.0
Alice	 16.28	 16.28	 11.63	 4.65	 4.65	 9.3	 6.98	 2.33	 9.3	 9.3	 6.98	 2.33	 0.0
YS-NB190321nv	 26.67	 8.89	 11.11	 17.78	 2.22	 8.89	 8.89	 2.22	 4.44	 2.22	 0.0	 6.67	 0.0
Alice	 17.86	 14.29	 7.14	 7.14	 14.29	 7.14	 3.57	 3.57	 10.71	 3.57	 3.57	 7.14	 2.0
YS-NB190321nv	 41.51	 15.09	 9.43	 11.32	 3.77	 1.89	 3.77	 1.89	 3.77	 1.89	 1.89	 3.77	 0.0
Alice	 9.3	 27.91	 4.65	 9.3	 9.3	 2.33	 13.95	 6.98	 2.33	 9.3	 2.33	 2.33	 2.0
YS-NB190321nv	 30.38	 13.92	 13.92	 8.86	 6.33	 7.59	 3.8	 5.06	 5.06	 0.0	 3.8	 1.27	 0.0
Alice	 17.24	 13.79	 17.24	 13.79	 0.0	 6.9	 3.45	 3.45	 13.79	 3.45	 6.9	 0.0	 1.0
YS-NB190321nv	 21.95	 12.2	 12.2	 4.88	 9.76	 4.88	 4.88	 7.32	 2.44	 2.44	 4.88	 12.2	 0.0
Alice	 13.33	 16.67	 8.33	 5.0	 13.33	 6.67	 3.33	 6.67	 5.0	 5.0	 6.67	 10.0	 3.0
YS-NB190321nv	 28.99	 24.64	 11.59	 7.25	 4.35	 4.35	 2.9	 0.0	 5.8	 2.9	 2.9	 4.35	 0.0
Alice	 35.19	 9.26	 9.26	 5.56	 7.41	 3.7	 3.7	 5.56	 1.85	 7.41	 7.41	 3.7	 0.0
YS-NB190321nv	 22.73	 13.64	 20.45	 6.82	 4.55	 11.36	 4.55	 2.27	 0.0	 0.0	 9.09	 4.55	 1.0
Alice	 13.79	 13.79	 6.9	 6.9	 13.79	 0.0	 10.34	 10.34	 6.9	 3.45	 6.9	 6.9	 1.0
YS-NB190321nv	 20.29	 14.49	 21.74	 11.59	 2.9	 0.0	 1.45	 4.35	 0.0	 8.7	 1.45	 13.04	 1.0
Alice	 9.52	 14.29	 0.0	 9.52	 0.0	 19.05	 9.52	 4.76	 0.0	 4.76	 4.76	 23.81	 1.0
YS-NB190321nv	 25.0	 19.44	 11.11	 8.33	 0.0	 2.78	 2.78	 8.33	 5.56	 2.78	 8.33	 5.56	 0.0
Alice	 15.79	 18.42	 10.53	 10.53	 5.26	 2.63	 7.89	 5.26	 10.53	 2.63	 5.26	 5.26	 0.0
YS-NB190321nv	 34.72	 13.89	 5.56	 9.72	 4.17	 6.94	 6.94	 4.17	 1.39	 6.94	 4.17	 1.39	 0.0
Alice	 10.87	 13.04	 17.39	 6.52	 8.7	 8.7	 4.35	 10.87	 6.52	 4.35	 6.52	 2.17	 1.0
YS-NB190321nv	 37.84	 12.16	 10.81	 9.46	 9.46	 2.7	 2.7	 1.35	 2.7	 0.0	 2.7	 8.11	 2.0
Alice	 11.54	 15.38	 15.38	 15.38	 0.0	 3.85	 7.69	 3.85	 0.0	 7.69	 11.54	 7.69	 1.0
YS-NB190321nv	 37.5	 12.5	 11.25	 6.25	 7.5	 6.25	 5.0	 1.25	 3.75	 3.75	 3.75	 1.25	 0.0
Alice	 14.0	 20.0	 12.0	 8.0	 6.0	 8.0	 6.0	 6.0	 14.0	 2.0	 0.0	 4.0	 1.0
YS-NB190321nv	 23.21	 16.07	 8.93	 7.14	 10.71	 7.14	 1.79	 0.0	 5.36	 3.57	 8.93	 7.14	 2.0
Alice	 3.23	 9.68	 16.13	 22.58	 3.23	 0.0	 6.45	 12.9	 3.23	 6.45	 12.9	 3.23	 1.0
YS-NB190321nv	 32.79	 16.39	 11.48	 4.92	 3.28	 3.28	 8.2	 0.0	 4.92	 3.28	 6.56	 4.92	 0.0
Alice	 15.0	 5.0	 12.5	 5.0	 10.0	 5.0	 5.0	 5.0	 10.0	 10.0	 7.5	 10.0	 1.0
YS-NB190321nv	 41.98	 12.35	 9.88	 2.47	 6.17	 4.94	 7.41	 3.7	 3.7	 1.23	 2.47	 3.7	 0.0
Alice	 24.24	 21.21	 9.09	 9.09	 6.06	 6.06	 9.09	 0.0	 6.06	 6.06	 3.03	 0.0	 0.0
YS-NB190321nv	 29.55	 12.5	 18.18	 5.68	 5.68	 3.41	 5.68	 4.55	 1.14	 5.68	 2.27	 5.68	 0.0
Alice	 24.62	 10.77	 12.31	 9.23	 7.69	 1.54	 7.69	 6.15	 9.23	 1.54	 1.54	 7.69	 2.0
YS-NB190321nv	 34.62	 12.82	 10.26	 7.69	 3.85	 7.69	 3.85	 6.41	 2.56	 1.28	 2.56	 6.41	 2.0
Alice	 18.57	 10.0	 7.14	 11.43	 8.57	 10.0	 8.57	 7.14	 1.43	 2.86	 7.14	 7.14	 0.0
YS-NB190321nv	 27.27	 18.18	 14.29	 10.39	 2.6	 7.79	 2.6	 0.0	 3.9	 3.9	 3.9	 5.19	 1.0
Alice	 17.74	 14.52	 6.45	 8.06	 6.45	 11.29	 4.84	 6.45	 6.45	 4.84	 3.23	 9.68	 0.0
YS-NB190321nv	 19.74	 13.16	 5.26	 10.53	 10.53	 7.89	 2.63	 6.58	 7.89	 6.58	 0.0	 9.21	 0.0
Alice	 21.88	 12.5	 12.5	 12.5	 6.25	 3.12	 3.12	 12.5	 6.25	 0.0	 9.38	 0.0	 2.0
YS-NB190321nv	 28.07	 19.3	 8.77	 5.26	 7.02	 3.51	 7.02	 3.51	 5.26	 5.26	 0.0	 7.02	 0.0
Alice	 22.92	 14.58	 8.33	 4.17	 16.67	 0.0	 4.17	 6.25	 4.17	 10.42	 4.17	 4.17	 1.0
YS-NB190321nv	 32.84	 20.9	 10.45	 7.46	 5.97	 1.49	 0.0	 2.99	 8.96	 2.99	 1.49	 4.48	 1.0
Alice	 24.24	 21.21	 12.12	 9.09	 3.03	 9.09	 6.06	 0.0	 6.06	 0.0	 9.09	 0.0	 1.0
YS-NB190321nv	 31.75	 23.81	 3.17	 6.35	 4.76	 6.35	 4.76	 4.76	 1.59	 6.35	 4.76	 1.59	 0.0
Alice	 15.15	 24.24	 12.12	 6.06	 3.03	 3.03	 12.12	 0.0	 6.06	 6.06	 6.06	 6.06	 0.0
YS-NB190321nv	 23.4	 12.77	 19.15	 8.51	 10.64	 4.26	 2.13	 2.13	 3.19	 4.26	 1.06	 8.51	 1.0
Alice	 36.36	 4.55	 13.64	 15.91	 2.27	 2.27	 6.82	 2.27	 2.27	 4.55	 2.27	 6.82	 3.0
YS-NB190321nv	 23.08	 18.46	 4.62	 7.69	 12.31	 3.08	 9.23	 4.62	 6.15	 1.54	 3.08	 6.15	 0.0
Alice	 16.33	 14.29	 14.29	 6.12	 6.12	 2.04	 6.12	 12.24	 2.04	 4.08	 8.16	 8.16	 1.0
YS-NB190321nv	 35.21	 18.31	 9.86	 2.82	 4.23	 1.41	 2.82	 5.63	 4.23	 4.23	 2.82	 8.45	 1.0
Alice	 21.54	 13.85	 6.15	 15.38	 7.69	 4.62	 4.62	 4.62	 3.08	 6.15	 6.15	 6.15	 0.0
YS-NB190321nv	 29.0	 11.0	 13.0	 4.0	 9.0	 8.0	 5.0	 3.0	 4.0	 1.0	 5.0	 8.0	 0.0
Alice	 15.0	 20.0	 5.0	 7.5	 12.5	 10.0	 7.5	 2.5	 5.0	 5.0	 5.0	 5.0	 2.0
YS-NB190321nv	 32.0	 16.0	 9.6	 8.0	 7.2	 1.6	 8.8	 3.2	 4.0	 4.0	 4.0	 1.6	 2.0
Alice	 18.18	 11.69	 11.69	 6.49	 6.49	 7.79	 6.49	 5.19	 2.6	 11.69	 6.49	 5.19	 2.0
YS-NB190321nv	 25.4	 20.63	 9.52	 7.94	 11.11	 4.76	 3.17	 4.76	 3.17	 1.59	 1.59	 6.35	 0.0
Alice	 30.3	 12.12	 12.12	 3.03	 3.03	 12.12	 6.06	 6.06	 9.09	 3.03	 0.0	 3.03	 1.0
YS-NB190321nv	 39.13	 15.22	 8.7	 2.17	 6.52	 6.52	 0.0	 4.35	 2.17	 2.17	 0.0	 13.04	 0.0
Alice	 9.09	 25.0	 13.64	 6.82	 6.82	 6.82	 2.27	 6.82	 2.27	 9.09	 6.82	 4.55	 2.0
YS-NB190321nv	 22.58	 22.58	 8.6	 4.3	 8.6	 5.38	 5.38	 4.3	 2.15	 5.38	 3.23	 7.53	 1.0
Alice	 5.26	 7.89	 26.32	 15.79	 7.89	 2.63	 5.26	 5.26	 7.89	 2.63	 5.26	 7.89	 2.0
YS-NB190321nv	 31.48	 18.52	 5.56	 7.41	 7.41	 1.85	 1.85	 5.56	 1.85	 1.85	 0.0	 16.67	 0.0
Alice	 20.45	 20.45	 9.09	 4.55	 11.36	 9.09	 6.82	 4.55	 6.82	 4.55	 0.0	 2.27	 2.0
YS-NB190321nv	 35.19	 17.59	 12.04	 6.48	 4.63	 6.48	 0.93	 0.93	 3.7	 6.48	 2.78	 2.78	 1.0
Alice	 19.64	 14.29	 12.5	 3.57	 8.93	 8.93	 5.36	 5.36	 3.57	 0.0	 7.14	 10.71	 2.0
YS-NB190321nv	 26.58	 17.72	 12.66	 3.8	 8.86	 2.53	 5.06	 5.06	 5.06	 2.53	 6.33	 3.8	 0.0
Alice	 13.64	 18.18	 11.36	 11.36	 6.82	 15.91	 6.82	 0.0	 2.27	 0.0	 11.36	 2.27	 3.0
YS-NB190321nv	 28.0	 20.0	 22.0	 0.0	 4.0	 2.0	 4.0	 2.0	 6.0	 6.0	 2.0	 4.0	 1.0
Alice	 16.67	 7.14	 14.29	 9.52	 7.14	 4.76	 4.76	 4.76	 4.76	 11.9	 7.14	 7.14	 1.0
YS-NB190321nv	 32.97	 19.78	 10.99	 3.3	 9.89	 4.4	 1.1	 5.49	 4.4	 0.0	 4.4	 3.3	 0.0
Alice	 23.26	 9.3	 6.98	 16.28	 2.33	 6.98	 4.65	 4.65	 9.3	 4.65	 6.98	 4.65	 0.0
YS-NB190321nv	 30.77	 18.46	 7.69	 4.62	 6.15	 1.54	 4.62	 9.23	 1.54	 6.15	 6.15	 3.08	 1.0
Alice	 16.33	 6.12	 14.29	 4.08	 8.16	 14.29	 16.33	 2.04	 0.0	 8.16	 4.08	 6.12	 1.0
YS-NB190321nv	 32.31	 16.92	 10.0	 7.69	 3.85	 1.54	 6.15	 4.62	 6.15	 3.85	 2.31	 4.62	 1.0
Alice	 18.37	 10.2	 18.37	 8.16	 4.08	 6.12	 0.0	 14.29	 6.12	 0.0	 10.2	 4.08	 0.0
YS-NB190321nv	 35.94	 20.31	 7.81	 3.12	 6.25	 3.12	 3.12	 4.69	 3.12	 10.94	 0.0	 1.56	 1.0
Alice	 22.5	 15.0	 12.5	 7.5	 2.5	 5.0	 7.5	 15.0	 5.0	 2.5	 2.5	 2.5	 1.0
YS-NB190321nv	 28.81	 15.25	 13.56	 13.56	 6.78	 6.78	 3.39	 5.08	 1.69	 0.0	 5.08	 0.0	 0.0
Hfut2018GS	 34.04	 25.53	 8.51	 4.26	 0.0	 2.13	 0.0	 2.13	 4.26	 8.51	 6.38	 4.26	 0.0
YS-NB190321nv	 19.57	 10.87	 13.04	 4.35	 2.17	 13.04	 4.35	 6.52	 4.35	 4.35	 2.17	 15.22	 0.0
Hfut2018GS	 27.27	 15.91	 13.64	 9.09	 0.0	 6.82	 4.55	 4.55	 2.27	 2.27	 4.55	 9.09	 2.0
YS-NB190321nv	 36.84	 8.77	 14.04	 3.51	 5.26	 5.26	 0.0	 1.75	 7.02	 7.02	 7.02	 3.51	 1.0
Hfut2018GS	 28.07	 19.3	 7.02	 7.02	 7.02	 3.51	 3.51	 1.75	 7.02	 5.26	 7.02	 3.51	 2.0
YS-NB190321nv	 23.68	 10.53	 7.89	 13.16	 13.16	 7.89	 5.26	 2.63	 7.89	 0.0	 2.63	 5.26	 0.0
Hfut2018GS	 18.46	 20.0	 6.15	 9.23	 6.15	 4.62	 10.77	 0.0	 7.69	 6.15	 4.62	 6.15	 1.0
YS-NB190321nv	 25.0	 25.0	 8.93	 14.29	 8.93	 7.14	 5.36	 0.0	 0.0	 1.79	 0.0	 3.57	 1.0
Hfut2018GS	 34.57	 18.52	 7.41	 6.17	 4.94	 7.41	 2.47	 4.94	 3.7	 3.7	 2.47	 3.7	 0.0
YS-NB190321nv	 18.37	 26.53	 8.16	 8.16	 8.16	 4.08	 8.16	 2.04	 6.12	 4.08	 4.08	 2.04	 1.0
Hfut2018GS	 17.65	 21.57	 9.8	 9.8	 9.8	 5.88	 1.96	 9.8	 0.0	 3.92	 7.84	 1.96	 1.0
YS-NB190321nv	 25.0	 21.67	 13.33	 8.33	 1.67	 3.33	 6.67	 5.0	 3.33	 3.33	 5.0	 3.33	 1.0
Hfut2018GS	 32.26	 19.35	 10.75	 7.53	 5.38	 6.45	 5.38	 3.23	 2.15	 1.08	 4.3	 2.15	 0.0
YS-NB190321nv	 26.32	 15.79	 5.26	 10.53	 0.0	 2.63	 7.89	 2.63	 7.89	 2.63	 10.53	 7.89	 0.0
Hfut2018GS	 18.18	 9.09	 9.09	 6.82	 9.09	 2.27	 11.36	 9.09	 6.82	 2.27	 9.09	 6.82	 2.0
YS-NB190321nv	 33.33	 13.89	 16.67	 11.11	 8.33	 2.78	 0.0	 5.56	 0.0	 0.0	 8.33	 0.0	 0.0
Hfut2018GS	 30.23	 11.63	 11.63	 6.98	 2.33	 4.65	 6.98	 2.33	 6.98	 4.65	 6.98	 4.65	 0.0
YS-NB190321nv	 26.83	 9.76	 17.07	 2.44	 4.88	 4.88	 4.88	 7.32	 4.88	 2.44	 4.88	 9.76	 0.0
Hfut2018GS	 9.68	 9.68	 3.23	 3.23	 19.35	 6.45	 12.9	 3.23	 3.23	 9.68	 9.68	 9.68	 0.0
YS-NB190321nv	 28.85	 9.62	 13.46	 7.69	 3.85	 0.0	 5.77	 11.54	 3.85	 0.0	 7.69	 7.69	 0.0
Hfut2018GS	 31.75	 14.29	 7.94	 6.35	 4.76	 3.17	 3.17	 12.7	 3.17	 3.17	 6.35	 3.17	 1.0
YS-NB190321nv	 12.73	 20.0	 7.27	 9.09	 7.27	 9.09	 5.45	 3.64	 7.27	 9.09	 5.45	 3.64	 0.0
Hfut2018GS	 20.48	 12.05	 12.05	 16.87	 9.64	 4.82	 4.82	 4.82	 2.41	 1.2	 2.41	 8.43	 0.0
YS-NB190321nv	 30.77	 17.31	 11.54	 11.54	 3.85	 5.77	 7.69	 5.77	 0.0	 1.92	 1.92	 1.92	 1.0
Hfut2018GS	 30.88	 11.76	 7.35	 7.35	 10.29	 5.88	 2.94	 5.88	 8.82	 4.41	 4.41	 0.0	 2.0
YS-NB190321nv	 30.77	 19.23	 11.54	 0.0	 3.85	 11.54	 0.0	 7.69	 7.69	 0.0	 7.69	 0.0	 2.0
Hfut2018GS	 20.0	 22.5	 15.0	 2.5	 5.0	 7.5	 2.5	 2.5	 5.0	 7.5	 2.5	 7.5	 0.0
YS-NB190321nv	 25.0	 22.22	 5.56	 8.33	 13.89	 5.56	 2.78	 8.33	 2.78	 0.0	 0.0	 5.56	 0.0
Hfut2018GS	 16.67	 20.83	 12.5	 8.33	 6.25	 4.17	 6.25	 0.0	 4.17	 12.5	 6.25	 2.08	 2.0
YS-NB190321nv	 27.59	 10.34	 15.52	 5.17	 5.17	 5.17	 5.17	 1.72	 3.45	 3.45	 5.17	 12.07	 2.0
Hfut2018GS	 15.69	 27.45	 13.73	 5.88	 9.8	 5.88	 3.92	 1.96	 1.96	 3.92	 0.0	 9.8	 2.0
YS-NB190321nv	 17.02	 10.64	 12.77	 10.64	 0.0	 6.38	 4.26	 6.38	 6.38	 10.64	 8.51	 6.38	 0.0
Hfut2018GS	 40.48	 14.29	 11.9	 2.38	 0.0	 9.52	 2.38	 7.14	 2.38	 4.76	 4.76	 0.0	 1.0
YS-NB190321nv	 23.4	 17.02	 8.51	 4.26	 6.38	 8.51	 4.26	 4.26	 8.51	 2.13	 2.13	 10.64	 4.0
Hfut2018GS	 24.0	 12.0	 20.0	 8.0	 6.0	 10.0	 0.0	 2.0	 2.0	 8.0	 2.0	 6.0	 0.0
YS-NB190321nv	 30.36	 12.5	 3.57	 12.5	 7.14	 3.57	 7.14	 7.14	 7.14	 5.36	 1.79	 1.79	 0.0
Hfut2018GS	 22.54	 18.31	 9.86	 8.45	 8.45	 4.23	 11.27	 2.82	 5.63	 1.41	 2.82	 4.23	 1.0
YS-NB190321nv	 17.02	 14.89	 12.77	 8.51	 4.26	 6.38	 6.38	 6.38	 2.13	 10.64	 8.51	 2.13	 3.0
Hfut2018GS	 26.42	 7.55	 11.32	 11.32	 11.32	 9.43	 5.66	 5.66	 5.66	 0.0	 1.89	 3.77	 2.0
YS-NB190321nv	 36.21	 12.07	 12.07	 8.62	 5.17	 5.17	 3.45	 5.17	 0.0	 1.72	 5.17	 5.17	 0.0
Hfut2018GS	 33.33	 15.15	 6.06	 9.09	 6.06	 6.06	 4.55	 6.06	 9.09	 1.52	 1.52	 1.52	 0.0
YS-NB190321nv	 27.27	 18.18	 4.55	 11.36	 6.82	 9.09	 0.0	 6.82	 2.27	 4.55	 6.82	 2.27	 0.0
Hfut2018GS	 32.08	 11.32	 1.89	 11.32	 0.0	 3.77	 1.89	 11.32	 5.66	 5.66	 5.66	 9.43	 1.0
YS-NB190321nv	 29.79	 14.89	 4.26	 6.38	 6.38	 8.51	 4.26	 6.38	 2.13	 8.51	 4.26	 4.26	 0.0
Hfut2018GS	 23.53	 5.88	 15.69	 7.84	 7.84	 7.84	 7.84	 3.92	 7.84	 1.96	 1.96	 7.84	 1.0
YS-NB190321nv	 11.76	 25.49	 5.88	 5.88	 11.76	 3.92	 5.88	 9.8	 3.92	 7.84	 0.0	 7.84	 0.0
Hfut2018GS	 31.25	 6.25	 20.31	 12.5	 3.12	 1.56	 1.56	 6.25	 4.69	 1.56	 10.94	 0.0	 1.0
YS-NB190321nv	 14.89	 23.4	 10.64	 6.38	 8.51	 10.64	 4.26	 6.38	 6.38	 4.26	 2.13	 2.13	 1.0
Hfut2018GS	 28.57	 17.14	 10.0	 4.29	 4.29	 8.57	 7.14	 4.29	 5.71	 1.43	 4.29	 4.29	 1.0
YS-NB190321nv	 29.73	 10.81	 5.41	 5.41	 13.51	 13.51	 2.7	 0.0	 2.7	 8.11	 5.41	 2.7	 0.0
Hfut2018GS	 24.14	 15.52	 15.52	 3.45	 6.9	 5.17	 1.72	 1.72	 5.17	 8.62	 5.17	 6.9	 0.0
YS-NB190321nv	 35.48	 9.68	 0.0	 9.68	 3.23	 9.68	 3.23	 6.45	 12.9	 3.23	 3.23	 3.23	 0.0
Hfut2018GS	 32.39	 16.9	 7.04	 18.31	 5.63	 0.0	 4.23	 1.41	 1.41	 5.63	 4.23	 2.82	 0.0
YS-NB190321nv	 32.35	 14.71	 5.88	 11.76	 5.88	 2.94	 5.88	 2.94	 0.0	 0.0	 11.76	 5.88	 0.0
Hfut2018GS	 24.24	 12.12	 9.09	 15.15	 0.0	 9.09	 0.0	 3.03	 3.03	 15.15	 3.03	 6.06	 1.0
YS-NB190321nv	 20.0	 22.0	 14.0	 8.0	 2.0	 2.0	 4.0	 6.0	 6.0	 2.0	 4.0	 10.0	 2.0
Hfut2018GS	 36.59	 17.07	 14.63	 4.88	 0.0	 2.44	 4.88	 4.88	 0.0	 2.44	 4.88	 7.32	 1.0
YS-NB190321nv	 39.68	 9.52	 12.7	 7.94	 3.17	 4.76	 7.94	 3.17	 3.17	 3.17	 1.59	 3.17	 0.0
Hfut2018GS	 22.97	 21.62	 12.16	 1.35	 5.41	 5.41	 1.35	 6.76	 8.11	 0.0	 8.11	 6.76	 2.0
YS-NB190321nv	 30.3	 18.18	 7.58	 1.52	 6.06	 12.12	 3.03	 4.55	 6.06	 0.0	 3.03	 7.58	 3.0
Hfut2018GS	 26.25	 20.0	 11.25	 10.0	 7.5	 5.0	 2.5	 3.75	 3.75	 6.25	 0.0	 3.75	 1.0
YS-NB190321nv	 22.22	 28.89	 13.33	 2.22	 2.22	 4.44	 6.67	 2.22	 8.89	 2.22	 2.22	 4.44	 0.0
Hfut2018GS	 26.32	 14.04	 10.53	 5.26	 5.26	 5.26	 5.26	 7.02	 3.51	 7.02	 7.02	 3.51	 0.0
YS-NB190321nv	 16.9	 16.9	 14.08	 12.68	 11.27	 1.41	 2.82	 5.63	 4.23	 5.63	 2.82	 5.63	 0.0
Hfut2018GS	 22.92	 16.67	 6.25	 6.25	 8.33	 4.17	 8.33	 4.17	 2.08	 8.33	 2.08	 10.42	 2.0
YS-NB190321nv	 29.73	 18.92	 5.41	 2.7	 5.41	 5.41	 2.7	 0.0	 2.7	 5.41	 5.41	 16.22	 0.0
Hfut2018GS	 18.84	 17.39	 13.04	 2.9	 11.59	 8.7	 8.7	 0.0	 4.35	 4.35	 5.8	 4.35	 2.0
YS-NB190321nv	 19.57	 15.22	 15.22	 6.52	 8.7	 2.17	 4.35	 6.52	 4.35	 6.52	 2.17	 8.7	 0.0
Hfut2018GS	 31.51	 21.92	 9.59	 5.48	 2.74	 5.48	 4.11	 8.22	 5.48	 0.0	 2.74	 2.74	 2.0
YS-NB190321nv	 28.38	 13.51	 9.46	 10.81	 8.11	 2.7	 1.35	 4.05	 4.05	 4.05	 6.76	 6.76	 1.0
Hfut2018GS	 37.1	 16.13	 12.9	 3.23	 8.06	 0.0	 8.06	 4.84	 1.61	 3.23	 1.61	 3.23	 1.0
YS-NB190321nv	 23.08	 23.08	 10.26	 15.38	 7.69	 5.13	 2.56	 0.0	 0.0	 5.13	 2.56	 5.13	 3.0
Hfut2018GS	 35.09	 15.79	 14.04	 7.02	 3.51	 7.02	 1.75	 3.51	 7.02	 0.0	 0.0	 5.26	 2.0
YS-NB190321nv	 21.43	 11.9	 4.76	 4.76	 21.43	 7.14	 0.0	 11.9	 2.38	 7.14	 2.38	 4.76	 2.0
Hfut2018GS	 12.5	 18.75	 18.75	 3.12	 6.25	 12.5	 3.12	 0.0	 6.25	 9.38	 3.12	 6.25	 2.0
YS-NB190321nv	 26.83	 17.07	 4.88	 6.1	 7.32	 9.76	 4.88	 2.44	 7.32	 6.1	 3.66	 3.66	 1.0
MT2018SS	 25.37	 14.93	 7.46	 8.96	 7.46	 7.46	 2.99	 5.97	 4.48	 7.46	 1.49	 5.97	 0.0
YS-NB190321nv	 27.45	 15.69	 5.88	 5.88	 3.92	 7.84	 7.84	 6.86	 3.92	 5.88	 3.92	 4.9	 2.0
MT2018SS	 18.29	 12.2	 9.76	 4.88	 7.32	 8.54	 7.32	 9.76	 3.66	 4.88	 4.88	 8.54	 2.0
YS-NB190321nv	 25.3	 7.23	 12.05	 15.66	 3.61	 2.41	 9.64	 2.41	 8.43	 7.23	 4.82	 1.2	 2.0
MT2018SS	 27.27	 23.64	 10.91	 10.91	 7.27	 3.64	 3.64	 0.0	 0.0	 3.64	 3.64	 5.45	 0.0
YS-NB190321nv	 18.48	 14.13	 16.3	 6.52	 7.61	 2.17	 6.52	 4.35	 6.52	 5.43	 6.52	 5.43	 3.0
MT2018SS	 26.47	 10.29	 8.82	 11.76	 4.41	 2.94	 2.94	 4.41	 5.88	 8.82	 8.82	 4.41	 4.0
YS-NB190321nv	 45.45	 6.06	 10.61	 10.61	 6.06	 4.55	 1.52	 7.58	 0.0	 1.52	 4.55	 1.52	 1.0
MT2018SS	 25.58	 23.26	 11.63	 6.98	 2.33	 6.98	 0.0	 4.65	 9.3	 2.33	 2.33	 4.65	 0.0
YS-NB190321nv	 32.69	 16.35	 11.54	 9.62	 3.85	 1.92	 4.81	 4.81	 3.85	 2.88	 1.92	 5.77	 1.0
MT2018SS	 23.91	 17.39	 8.7	 10.87	 2.17	 4.35	 6.52	 4.35	 2.17	 8.7	 2.17	 8.7	 1.0
YS-NB190321nv	 29.58	 16.9	 12.68	 8.45	 5.63	 2.82	 9.86	 4.23	 4.23	 1.41	 2.82	 1.41	 0.0
MT2018SS	 15.25	 18.64	 15.25	 6.78	 1.69	 8.47	 10.17	 5.08	 6.78	 5.08	 5.08	 1.69	 2.0
YS-NB190321nv	 24.14	 25.86	 13.79	 6.9	 5.17	 3.45	 0.0	 1.72	 3.45	 0.0	 3.45	 12.07	 2.0
MT2018SS	 18.64	 16.95	 11.86	 6.78	 8.47	 6.78	 1.69	 10.17	 6.78	 3.39	 0.0	 8.47	 1.0
YS-NB190321nv	 31.25	 15.62	 8.33	 6.25	 10.42	 3.12	 3.12	 6.25	 3.12	 5.21	 3.12	 4.17	 0.0
MT2018SS	 30.36	 16.07	 19.64	 1.79	 0.0	 8.93	 1.79	 5.36	 5.36	 1.79	 5.36	 3.57	 0.0
YS-NB190321nv	 23.75	 16.25	 17.5	 7.5	 5.0	 7.5	 3.75	 2.5	 5.0	 2.5	 2.5	 6.25	 0.0
MT2018SS	 17.74	 19.35	 14.52	 4.84	 9.68	 8.06	 3.23	 4.84	 1.61	 6.45	 6.45	 3.23	 2.0
YS-NB190321nv	 32.61	 19.57	 10.87	 4.35	 0.0	 4.35	 4.35	 6.52	 4.35	 4.35	 2.17	 6.52	 0.0
MT2018SS	 29.09	 16.36	 5.45	 9.09	 5.45	 9.09	 5.45	 9.09	 5.45	 0.0	 1.82	 3.64	 0.0
YS-NB190321nv	 35.37	 18.29	 10.98	 10.98	 4.88	 3.66	 2.44	 4.88	 2.44	 3.66	 1.22	 1.22	 1.0
MT2018SS	 30.68	 12.5	 11.36	 7.95	 11.36	 6.82	 3.41	 4.55	 2.27	 3.41	 1.14	 4.55	 1.0
YS-NB190321nv	 31.08	 13.51	 6.76	 16.22	 4.05	 4.05	 4.05	 4.05	 4.05	 5.41	 2.7	 4.05	 1.0
MT2018SS	 38.0	 20.0	 4.0	 10.0	 2.0	 4.0	 2.0	 6.0	 2.0	 4.0	 4.0	 4.0	 2.0
YS-NB190321nv	 21.43	 26.79	 7.14	 7.14	 5.36	 3.57	 7.14	 3.57	 8.93	 5.36	 1.79	 1.79	 1.0
MT2018SS	 31.65	 13.92	 15.19	 5.06	 7.59	 2.53	 3.8	 2.53	 5.06	 2.53	 2.53	 7.59	 1.0
YS-NB190321nv	 34.88	 18.6	 4.65	 13.95	 0.0	 6.98	 9.3	 0.0	 2.33	 2.33	 2.33	 4.65	 0.0
MT2018SS	 30.0	 26.67	 13.33	 3.33	 3.33	 3.33	 6.67	 6.67	 0.0	 3.33	 3.33	 0.0	 0.0
YS-NB190321nv	 30.43	 26.09	 4.35	 4.35	 13.04	 4.35	 4.35	 4.35	 0.0	 4.35	 0.0	 4.35	 0.0
MT2018SS	 30.43	 21.74	 8.7	 7.25	 8.7	 4.35	 1.45	 0.0	 2.9	 5.8	 7.25	 1.45	 0.0
YS-NB190321nv	 17.33	 17.33	 16.0	 10.67	 6.67	 6.67	 1.33	 6.67	 0.0	 2.67	 6.67	 8.0	 0.0
MT2018SS	 27.78	 19.44	 8.33	 11.11	 8.33	 0.0	 8.33	 5.56	 2.78	 0.0	 8.33	 0.0	 0.0
YS-NB190321nv	 32.94	 18.82	 9.41	 7.06	 3.53	 7.06	 1.18	 2.35	 4.71	 7.06	 2.35	 3.53	 2.0
MT2018SS	 20.34	 8.47	 13.56	 3.39	 6.78	 8.47	 8.47	 5.08	 10.17	 3.39	 6.78	 5.08	 1.0
YS-NB190321nv	 25.56	 22.22	 8.89	 7.78	 5.56	 4.44	 3.33	 4.44	 3.33	 2.22	 6.67	 5.56	 1.0
MT2018SS	 25.0	 18.0	 15.0	 9.0	 3.0	 6.0	 9.0	 3.0	 6.0	 2.0	 4.0	 0.0	 0.0
YS-NB190321nv	 19.3	 19.3	 8.77	 15.79	 5.26	 7.02	 5.26	 1.75	 5.26	 7.02	 1.75	 3.51	 0.0
MT2018SS	 23.53	 11.76	 11.76	 11.76	 0.0	 5.88	 7.84	 7.84	 3.92	 0.0	 5.88	 9.8	 2.0
YS-NB190321nv	 27.59	 12.07	 10.34	 6.9	 1.72	 5.17	 8.62	 6.9	 1.72	 6.9	 8.62	 3.45	 0.0
MT2018SS	 21.43	 14.29	 14.29	 3.57	 3.57	 7.14	 7.14	 3.57	 10.71	 3.57	 7.14	 3.57	 1.0
YS-NB190321nv	 20.73	 19.51	 12.2	 9.76	 3.66	 9.76	 4.88	 4.88	 4.88	 3.66	 4.88	 1.22	 1.0
MT2018SS	 32.47	 20.78	 14.29	 5.19	 5.19	 1.3	 5.19	 6.49	 2.6	 3.9	 2.6	 0.0	 0.0
YS-NB190321nv	 30.91	 16.36	 15.45	 3.64	 6.36	 5.45	 3.64	 3.64	 4.55	 1.82	 4.55	 3.64	 0.0
MT2018SS	 21.28	 12.77	 14.89	 8.51	 6.38	 8.51	 4.26	 2.13	 4.26	 6.38	 6.38	 4.26	 2.0
YS-NB190321nv	 35.19	 18.52	 16.67	 7.41	 1.85	 1.85	 1.85	 3.7	 7.41	 0.0	 1.85	 3.7	 0.0
MT2018SS	 35.9	 15.38	 7.69	 10.26	 7.69	 5.13	 12.82	 2.56	 2.56	 0.0	 0.0	 0.0	 2.0
YS-NB190321nv	 27.91	 13.95	 9.3	 2.33	 2.33	 0.0	 4.65	 2.33	 4.65	 11.63	 6.98	 13.95	 1.0
MT2018SS	 24.32	 16.22	 13.51	 8.11	 5.41	 8.11	 2.7	 0.0	 8.11	 2.7	 2.7	 8.11	 2.0
YS-NB190321nv	 32.0	 18.0	 10.0	 16.0	 8.0	 2.0	 2.0	 4.0	 0.0	 2.0	 0.0	 6.0	 0.0
MT2018SS	 32.26	 14.52	 8.06	 3.23	 1.61	 6.45	 11.29	 3.23	 8.06	 4.84	 3.23	 3.23	 1.0
YS-NB190321nv	 32.81	 21.88	 10.94	 10.94	 4.69	 1.56	 4.69	 3.12	 0.0	 3.12	 1.56	 4.69	 2.0
MT2018SS	 22.22	 11.11	 9.26	 7.41	 14.81	 12.96	 3.7	 5.56	 3.7	 1.85	 1.85	 5.56	 2.0
YS-NB190321nv	 32.35	 14.71	 9.56	 10.29	 5.88	 5.88	 4.41	 2.94	 2.94	 2.21	 3.68	 5.15	 2.0
MT2018SS	 17.86	 16.07	 1.79	 8.93	 7.14	 8.93	 7.14	 3.57	 7.14	 7.14	 1.79	 12.5	 0.0
YS-NB190321nv	 34.04	 14.89	 7.45	 9.57	 2.13	 8.51	 5.32	 2.13	 1.06	 1.06	 10.64	 3.19	 1.0
MT2018SS	 27.03	 20.27	 8.11	 14.86	 8.11	 4.05	 5.41	 2.7	 2.7	 2.7	 2.7	 1.35	 1.0
YS-NB190321nv	 33.8	 11.27	 12.68	 12.68	 7.04	 4.23	 4.23	 5.63	 0.0	 1.41	 1.41	 5.63	 2.0
MT2018SS	 35.14	 21.62	 13.51	 2.7	 2.7	 8.11	 2.7	 5.41	 0.0	 2.7	 2.7	 2.7	 1.0
YS-NB190321nv	 30.77	 19.23	 19.23	 11.54	 0.0	 5.77	 3.85	 0.0	 1.92	 3.85	 1.92	 1.92	 2.0
MT2018SS	 30.0	 15.0	 17.5	 7.5	 5.0	 5.0	 0.0	 0.0	 5.0	 5.0	 5.0	 5.0	 1.0
YS-NB190321nv	 38.24	 19.12	 7.35	 7.35	 5.88	 4.41	 2.94	 1.47	 2.94	 2.94	 4.41	 2.94	 0.0
MT2018SS	 17.14	 24.29	 14.29	 4.29	 4.29	 7.14	 7.14	 5.71	 4.29	 0.0	 1.43	 10.0	 0.0
YS-NB190321nv	 32.79	 19.67	 6.56	 4.92	 3.28	 6.56	 4.92	 4.92	 4.92	 0.0	 6.56	 4.92	 0.0
MT2018SS	 33.33	 14.58	 6.25	 8.33	 6.25	 10.42	 2.08	 2.08	 6.25	 2.08	 4.17	 4.17	 1.0
YS-NB190321nv	 32.61	 21.74	 10.87	 4.35	 6.52	 2.17	 4.35	 4.35	 6.52	 0.0	 0.0	 6.52	 2.0
MT2018SS	 15.91	 20.45	 11.36	 11.36	 9.09	 4.55	 4.55	 4.55	 2.27	 9.09	 4.55	 2.27	 1.0
YS-NB190321nv	 37.68	 15.94	 7.25	 5.8	 4.35	 2.9	 4.35	 8.7	 4.35	 2.9	 1.45	 4.35	 2.0
MT2018SS	 24.44	 11.11	 13.33	 4.44	 8.89	 6.67	 6.67	 4.44	 8.89	 4.44	 6.67	 0.0	 0.0
YS-NB190321nv	 37.04	 20.37	 9.26	 9.26	 5.56	 5.56	 1.85	 1.85	 0.0	 1.85	 1.85	 5.56	 1.0
MT2018SS	 29.21	 23.6	 15.73	 1.12	 4.49	 3.37	 5.62	 6.74	 5.62	 2.25	 1.12	 1.12	 1.0
YS-NB190321nv	 25.93	 22.22	 11.11	 5.56	 3.7	 7.41	 5.56	 1.85	 1.85	 3.7	 7.41	 3.7	 0.0
MT2018SS	 31.43	 12.86	 5.71	 11.43	 4.29	 5.71	 4.29	 11.43	 4.29	 4.29	 4.29	 0.0	 0.0
YS-NB190321nv	 35.82	 14.93	 7.46	 5.97	 4.48	 4.48	 2.99	 2.99	 4.48	 5.97	 1.49	 8.96	 0.0
MT2018SS	 34.09	 15.91	 6.82	 6.82	 7.95	 2.27	 4.55	 5.68	 3.41	 1.14	 7.95	 3.41	 1.0
YS-NB190321v	 16.67	 9.52	 9.52	 16.67	 9.52	 9.52	 9.52	 0.0	 4.76	 7.14	 2.38	 4.76	 2.0
Alice	 20.0	 10.0	 15.0	 2.5	 10.0	 12.5	 12.5	 0.0	 5.0	 2.5	 10.0	 0.0	 0.0
YS-NB190321v	 40.0	 7.37	 12.63	 6.32	 3.16	 4.21	 7.37	 8.42	 2.11	 3.16	 1.05	 4.21	 0.0
Alice	 15.0	 13.33	 15.0	 5.0	 6.67	 5.0	 5.0	 8.33	 13.33	 5.0	 1.67	 6.67	 1.0
YS-NB190321v	 33.59	 14.84	 7.81	 8.59	 5.47	 2.34	 3.91	 3.12	 8.59	 3.91	 3.91	 3.91	 1.0
Alice	 26.67	 11.11	 6.67	 20.0	 4.44	 6.67	 8.89	 4.44	 2.22	 4.44	 4.44	 0.0	 3.0
YS-NB190321v	 25.86	 17.24	 13.79	 10.34	 5.17	 1.72	 5.17	 3.45	 6.9	 5.17	 3.45	 1.72	 1.0
Alice	 20.24	 9.52	 14.29	 8.33	 15.48	 2.38	 1.19	 8.33	 7.14	 4.76	 5.95	 2.38	 2.0
YS-NB190321v	 23.94	 26.76	 11.27	 7.04	 7.04	 5.63	 2.82	 2.82	 5.63	 1.41	 4.23	 1.41	 0.0
Alice	 3.7	 14.81	 11.11	 7.41	 18.52	 7.41	 14.81	 7.41	 3.7	 0.0	 3.7	 7.41	 1.0
YS-NB190321v	 29.17	 14.58	 8.33	 6.25	 8.33	 4.17	 4.17	 2.08	 8.33	 4.17	 4.17	 6.25	 0.0
Alice	 18.42	 13.16	 15.79	 10.53	 5.26	 13.16	 5.26	 7.89	 5.26	 0.0	 0.0	 5.26	 0.0
YS-NB190321v	 25.71	 18.1	 10.48	 8.57	 4.76	 10.48	 2.86	 1.9	 3.81	 6.67	 1.9	 4.76	 0.0
Alice	 14.71	 26.47	 5.88	 8.82	 5.88	 2.94	 14.71	 2.94	 8.82	 5.88	 0.0	 2.94	 1.0
YS-NB190321v	 32.0	 21.33	 12.0	 9.33	 5.33	 4.0	 8.0	 0.0	 2.67	 2.67	 2.67	 0.0	 1.0
Alice	 20.83	 25.0	 8.33	 0.0	 4.17	 8.33	 4.17	 12.5	 0.0	 0.0	 12.5	 4.17	 0.0
YS-NB190321v	 45.45	 9.09	 4.55	 6.82	 2.27	 2.27	 6.82	 4.55	 6.82	 0.0	 6.82	 4.55	 0.0
Alice	 10.0	 15.0	 10.0	 15.0	 10.0	 5.0	 10.0	 10.0	 5.0	 0.0	 0.0	 10.0	 0.0
YS-NB190321v	 20.0	 20.0	 10.0	 8.0	 6.0	 10.0	 6.0	 2.0	 6.0	 4.0	 6.0	 2.0	 0.0
Alice	 16.13	 16.13	 6.45	 16.13	 3.23	 0.0	 9.68	 6.45	 6.45	 0.0	 0.0	 19.35	 0.0
YS-NB190321v	 35.09	 17.54	 7.02	 7.02	 8.77	 7.02	 5.26	 0.0	 1.75	 1.75	 3.51	 5.26	 1.0
Alice	 12.5	 28.12	 18.75	 0.0	 9.38	 9.38	 0.0	 6.25	 3.12	 3.12	 9.38	 0.0	 1.0
YS-NB190321v	 34.18	 18.99	 11.39	 3.8	 5.06	 5.06	 3.8	 6.33	 0.0	 5.06	 2.53	 3.8	 2.0
Alice	 20.37	 18.52	 9.26	 12.96	 7.41	 7.41	 3.7	 9.26	 3.7	 1.85	 1.85	 3.7	 1.0
YS-NB190321v	 35.35	 17.17	 11.11	 5.05	 6.06	 0.0	 1.01	 4.04	 7.07	 5.05	 1.01	 7.07	 0.0
Alice	 26.87	 20.9	 10.45	 7.46	 4.48	 4.48	 4.48	 5.97	 2.99	 4.48	 2.99	 4.48	 1.0
YS-NB190321v	 30.6	 11.94	 13.43	 6.72	 6.72	 4.48	 5.22	 4.48	 7.46	 2.99	 0.75	 5.22	 0.0
Alice	 9.09	 21.21	 9.09	 6.06	 3.03	 6.06	 6.06	 6.06	 6.06	 9.09	 6.06	 12.12	 0.0
YS-NB190321v	 19.0	 21.0	 6.0	 9.0	 3.0	 7.0	 6.0	 5.0	 6.0	 6.0	 5.0	 7.0	 1.0
Alice	 15.0	 7.5	 15.0	 30.0	 7.5	 0.0	 5.0	 0.0	 7.5	 5.0	 2.5	 5.0	 1.0
YS-NB190321v	 18.18	 9.09	 23.64	 7.27	 10.91	 9.09	 3.64	 5.45	 1.82	 5.45	 0.0	 5.45	 2.0
Alice	 12.9	 12.9	 3.23	 16.13	 6.45	 3.23	 6.45	 12.9	 0.0	 6.45	 9.68	 9.68	 1.0
YS-NB190321v	 28.17	 30.99	 5.63	 11.27	 1.41	 4.23	 2.82	 1.41	 4.23	 2.82	 0.0	 7.04	 0.0
Alice	 13.89	 5.56	 11.11	 2.78	 13.89	 16.67	 5.56	 8.33	 8.33	 5.56	 2.78	 5.56	 0.0
YS-NB190321v	 36.73	 11.22	 12.24	 8.16	 6.12	 5.1	 3.06	 3.06	 4.08	 3.06	 5.1	 2.04	 0.0
Alice	 15.87	 11.11	 17.46	 7.94	 3.17	 6.35	 11.11	 0.0	 3.17	 11.11	 4.76	 7.94	 1.0
YS-NB190321v	 28.3	 11.32	 16.98	 11.32	 0.0	 7.55	 1.89	 1.89	 5.66	 9.43	 1.89	 3.77	 0.0
Alice	 17.65	 14.71	 8.82	 2.94	 5.88	 11.76	 5.88	 5.88	 2.94	 14.71	 5.88	 2.94	 0.0
YS-NB190321v	 34.18	 8.86	 13.92	 10.13	 5.06	 3.8	 6.33	 2.53	 3.8	 5.06	 1.27	 5.06	 1.0
Alice	 13.51	 5.41	 16.22	 16.22	 13.51	 10.81	 2.7	 0.0	 2.7	 8.11	 5.41	 5.41	 2.0
YS-NB190321v	 23.75	 17.5	 13.75	 5.0	 12.5	 13.75	 2.5	 1.25	 2.5	 1.25	 3.75	 2.5	 0.0
Alice	 18.75	 6.25	 12.5	 6.25	 12.5	 6.25	 9.38	 12.5	 3.12	 3.12	 6.25	 3.12	 1.0
YS-NB190321v	 27.08	 10.42	 9.38	 8.33	 11.46	 3.12	 4.17	 6.25	 9.38	 2.08	 4.17	 4.17	 0.0
Alice	 20.0	 11.11	 8.89	 8.89	 8.89	 11.11	 2.22	 6.67	 6.67	 4.44	 6.67	 4.44	 2.0
YS-NB190321v	 30.43	 25.0	 9.78	 5.43	 4.35	 1.09	 3.26	 6.52	 5.43	 3.26	 2.17	 3.26	 0.0
Alice	 18.18	 22.73	 9.09	 4.55	 9.09	 15.91	 4.55	 6.82	 0.0	 4.55	 0.0	 4.55	 0.0
YS-NB190321v	 20.0	 14.0	 8.0	 12.0	 6.0	 4.0	 4.0	 6.0	 6.0	 10.0	 4.0	 6.0	 1.0
Alice	 37.5	 0.0	 6.25	 12.5	 6.25	 6.25	 12.5	 6.25	 0.0	 0.0	 6.25	 6.25	 3.0
YS-NB190321v	 23.26	 13.95	 11.63	 11.63	 6.98	 4.65	 9.3	 2.33	 9.3	 4.65	 2.33	 0.0	 0.0
Alice	 16.13	 9.68	 6.45	 9.68	 9.68	 19.35	 3.23	 9.68	 0.0	 6.45	 0.0	 9.68	 1.0
YS-NB190321v	 31.34	 20.9	 5.97	 4.48	 8.96	 4.48	 4.48	 4.48	 4.48	 2.99	 1.49	 5.97	 0.0
Alice	 14.63	 19.51	 7.32	 12.2	 2.44	 12.2	 12.2	 4.88	 7.32	 2.44	 2.44	 2.44	 1.0
YS-NB190321v	 23.81	 14.29	 12.7	 9.52	 9.52	 6.35	 4.76	 4.76	 3.17	 6.35	 0.0	 4.76	 0.0
Alice	 21.82	 18.18	 9.09	 3.64	 1.82	 9.09	 3.64	 7.27	 7.27	 7.27	 1.82	 9.09	 1.0
YS-NB190321v	 49.37	 15.19	 12.66	 3.8	 5.06	 1.27	 2.53	 1.27	 2.53	 2.53	 0.0	 3.8	 1.0
Alice	 15.87	 15.87	 6.35	 11.11	 11.11	 4.76	 7.94	 3.17	 4.76	 4.76	 6.35	 7.94	 1.0
YS-NB190321v	 12.9	 29.03	 19.35	 6.45	 3.23	 6.45	 6.45	 0.0	 3.23	 0.0	 3.23	 9.68	 0.0
Alice	 13.16	 15.79	 7.89	 0.0	 7.89	 10.53	 7.89	 7.89	 2.63	 10.53	 7.89	 7.89	 0.0
YS-NB190321v	 22.08	 18.18	 7.79	 5.19	 9.09	 6.49	 5.19	 0.0	 6.49	 6.49	 5.19	 7.79	 0.0
Alice	 11.11	 11.11	 22.22	 11.11	 7.41	 2.47	 7.41	 2.47	 6.17	 3.7	 9.88	 4.94	 1.0
YS-NB190321v	 28.05	 6.1	 14.63	 8.54	 7.32	 8.54	 9.76	 3.66	 2.44	 3.66	 2.44	 4.88	 0.0
Alice	 20.0	 8.89	 4.44	 11.11	 4.44	 6.67	 13.33	 0.0	 2.22	 6.67	 11.11	 11.11	 2.0
YS-NB190321v	 32.69	 13.46	 13.46	 11.54	 0.0	 0.0	 5.77	 3.85	 7.69	 3.85	 3.85	 3.85	 0.0
Alice	 13.64	 11.36	 11.36	 9.09	 9.09	 9.09	 4.55	 9.09	 0.0	 9.09	 6.82	 6.82	 2.0
YS-NB190321v	 35.42	 18.75	 5.21	 10.42	 3.12	 6.25	 2.08	 4.17	 5.21	 0.0	 4.17	 5.21	 0.0
Alice	 27.59	 10.34	 13.79	 17.24	 10.34	 0.0	 6.9	 6.9	 3.45	 0.0	 3.45	 0.0	 0.0
YS-NB190321v	 30.56	 23.61	 12.5	 8.33	 5.56	 5.56	 2.78	 2.78	 1.39	 4.17	 1.39	 1.39	 0.0
Alice	 21.28	 19.15	 10.64	 8.51	 4.26	 2.13	 6.38	 2.13	 4.26	 6.38	 4.26	 10.64	 1.0
YS-NB190321v	 31.37	 17.65	 13.73	 0.0	 9.8	 5.88	 9.8	 0.0	 0.0	 5.88	 0.0	 5.88	 0.0
Alice	 30.3	 3.03	 0.0	 15.15	 9.09	 6.06	 9.09	 6.06	 6.06	 6.06	 3.03	 6.06	 0.0
YS-NB190321v	 29.17	 15.62	 18.75	 8.33	 5.21	 3.12	 3.12	 2.08	 1.04	 3.12	 5.21	 5.21	 1.0
Alice	 12.5	 15.0	 10.0	 5.0	 7.5	 12.5	 5.0	 10.0	 5.0	 7.5	 2.5	 7.5	 1.0
YS-NB190321v	 31.25	 15.18	 9.82	 7.14	 4.46	 5.36	 6.25	 7.14	 2.68	 2.68	 3.57	 4.46	 1.0
Alice	 22.95	 11.48	 18.03	 1.64	 8.2	 3.28	 4.92	 6.56	 11.48	 3.28	 3.28	 4.92	 2.0
YS-NB190321v	 34.18	 17.72	 10.13	 8.86	 6.33	 2.53	 6.33	 0.0	 1.27	 5.06	 3.8	 3.8	 0.0
Alice	 14.0	 16.0	 6.0	 6.0	 6.0	 10.0	 8.0	 8.0	 0.0	 12.0	 2.0	 12.0	 0.0
YS-NB190321v	 27.4	 21.92	 13.7	 9.59	 4.11	 2.74	 4.11	 1.37	 4.11	 5.48	 0.0	 5.48	 0.0
Alice	 20.45	 25.0	 2.27	 11.36	 4.55	 6.82	 4.55	 2.27	 9.09	 2.27	 2.27	 9.09	 0.0
YS-NB190321v	 26.98	 12.7	 7.94	 11.11	 6.35	 9.52	 3.17	 1.59	 7.94	 3.17	 4.76	 4.76	 1.0
Alice	 18.64	 13.56	 13.56	 10.17	 3.39	 3.39	 8.47	 6.78	 10.17	 3.39	 3.39	 5.08	 5.0
YS-NB190321v	 33.87	 12.9	 11.29	 6.45	 9.68	 3.23	 3.23	 3.23	 4.84	 0.0	 8.06	 3.23	 0.0
Alice	 25.53	 12.77	 14.89	 10.64	 4.26	 8.51	 6.38	 0.0	 6.38	 2.13	 6.38	 2.13	 1.0
YS-NB190321v	 32.0	 15.0	 14.0	 4.0	 5.0	 7.0	 4.0	 3.0	 2.0	 4.0	 5.0	 5.0	 1.0
Alice	 17.5	 2.5	 17.5	 12.5	 5.0	 2.5	 20.0	 5.0	 5.0	 2.5	 7.5	 2.5	 0.0
YS-NB190321v	 21.92	 20.55	 8.22	 6.85	 8.22	 5.48	 5.48	 2.74	 6.85	 2.74	 4.11	 6.85	 0.0
Alice	 21.21	 15.15	 15.15	 9.09	 3.03	 3.03	 3.03	 9.09	 6.06	 0.0	 6.06	 9.09	 1.0
YS-NB190321v	 28.0	 21.33	 5.33	 6.67	 12.0	 8.0	 2.67	 4.0	 2.67	 1.33	 4.0	 4.0	 0.0
Alice	 11.11	 16.67	 16.67	 16.67	 0.0	 0.0	 5.56	 11.11	 11.11	 5.56	 5.56	 0.0	 0.0
YS-NB190321v	 30.77	 7.69	 7.69	 15.38	 0.0	 15.38	 7.69	 0.0	 7.69	 7.69	 0.0	 0.0	 1.0
Hfut2018GS	 14.29	 23.81	 0.0	 4.76	 14.29	 14.29	 4.76	 0.0	 4.76	 0.0	 14.29	 4.76	 0.0
YS-NB190321v	 18.18	 18.18	 11.36	 11.36	 9.09	 2.27	 2.27	 0.0	 6.82	 2.27	 9.09	 9.09	 0.0
Hfut2018GS	 27.66	 10.64	 6.38	 10.64	 10.64	 6.38	 8.51	 0.0	 2.13	 6.38	 4.26	 6.38	 1.0
YS-NB190321v	 29.69	 17.19	 14.06	 1.56	 6.25	 6.25	 7.81	 3.12	 0.0	 6.25	 3.12	 4.69	 1.0
Hfut2018GS	 31.48	 22.22	 5.56	 11.11	 3.7	 3.7	 7.41	 3.7	 1.85	 3.7	 1.85	 3.7	 1.0
YS-NB190321v	 22.22	 22.22	 5.56	 11.11	 5.56	 8.33	 13.89	 2.78	 2.78	 0.0	 2.78	 2.78	 0.0
Hfut2018GS	 26.79	 19.64	 8.93	 5.36	 8.93	 5.36	 7.14	 5.36	 1.79	 1.79	 1.79	 7.14	 1.0
YS-NB190321v	 25.0	 17.19	 6.25	 6.25	 7.81	 6.25	 9.38	 7.81	 0.0	 6.25	 1.56	 6.25	 2.0
Hfut2018GS	 26.0	 20.0	 14.0	 6.0	 6.0	 4.0	 4.0	 6.0	 4.0	 4.0	 4.0	 2.0	 0.0
YS-NB190321v	 29.41	 11.76	 9.8	 3.92	 3.92	 1.96	 5.88	 7.84	 5.88	 3.92	 9.8	 5.88	 0.0
Hfut2018GS	 32.61	 15.22	 6.52	 15.22	 4.35	 4.35	 0.0	 4.35	 4.35	 8.7	 2.17	 2.17	 1.0
YS-NB190321v	 16.33	 16.33	 12.24	 12.24	 6.12	 6.12	 4.08	 2.04	 4.08	 8.16	 4.08	 8.16	 0.0
Hfut2018GS	 31.71	 19.51	 12.2	 7.32	 0.0	 2.44	 7.32	 7.32	 4.88	 2.44	 2.44	 2.44	 2.0
YS-NB190321v	 26.83	 24.39	 9.76	 0.0	 2.44	 0.0	 2.44	 7.32	 7.32	 4.88	 9.76	 4.88	 1.0
Hfut2018GS	 35.56	 15.56	 11.11	 6.67	 6.67	 6.67	 2.22	 4.44	 2.22	 4.44	 4.44	 0.0	 1.0
YS-NB190321v	 11.11	 11.11	 6.67	 6.67	 15.56	 15.56	 4.44	 4.44	 13.33	 2.22	 4.44	 4.44	 2.0
Hfut2018GS	 33.33	 18.33	 16.67	 5.0	 6.67	 3.33	 1.67	 5.0	 1.67	 1.67	 5.0	 1.67	 0.0
YS-NB190321v	 25.93	 11.11	 3.7	 12.96	 5.56	 3.7	 5.56	 3.7	 9.26	 7.41	 7.41	 3.7	 1.0
Hfut2018GS	 23.21	 25.0	 19.64	 3.57	 5.36	 1.79	 3.57	 1.79	 7.14	 0.0	 5.36	 3.57	 0.0
YS-NB190321v	 23.33	 23.33	 6.67	 16.67	 6.67	 3.33	 3.33	 6.67	 3.33	 0.0	 0.0	 6.67	 0.0
Hfut2018GS	 28.77	 23.29	 6.85	 6.85	 9.59	 4.11	 2.74	 2.74	 8.22	 0.0	 4.11	 2.74	 0.0
YS-NB190321v	 25.0	 20.0	 11.67	 5.0	 8.33	 10.0	 1.67	 3.33	 5.0	 1.67	 6.67	 1.67	 1.0
Hfut2018GS	 21.05	 19.3	 10.53	 7.02	 5.26	 5.26	 7.02	 5.26	 3.51	 7.02	 7.02	 1.75	 0.0
YS-NB190321v	 25.64	 7.69	 17.95	 10.26	 10.26	 2.56	 2.56	 2.56	 5.13	 2.56	 5.13	 7.69	 2.0
Hfut2018GS	 29.17	 19.44	 9.72	 2.78	 6.94	 9.72	 5.56	 2.78	 2.78	 1.39	 5.56	 4.17	 1.0
YS-NB190321v	 26.0	 20.0	 6.0	 16.0	 6.0	 4.0	 6.0	 4.0	 2.0	 4.0	 0.0	 6.0	 0.0
Hfut2018GS	 22.81	 21.05	 10.53	 7.02	 5.26	 5.26	 3.51	 1.75	 7.02	 3.51	 10.53	 1.75	 2.0
YS-NB190321v	 26.47	 11.76	 8.82	 11.76	 5.88	 2.94	 17.65	 2.94	 2.94	 2.94	 0.0	 5.88	 2.0
Hfut2018GS	 14.29	 14.29	 7.14	 14.29	 2.38	 14.29	 7.14	 4.76	 0.0	 4.76	 9.52	 7.14	 2.0
YS-NB190321v	 22.73	 18.18	 6.82	 6.82	 2.27	 0.0	 13.64	 2.27	 6.82	 6.82	 6.82	 6.82	 0.0
Hfut2018GS	 21.43	 30.95	 7.14	 9.52	 4.76	 7.14	 4.76	 0.0	 4.76	 2.38	 0.0	 7.14	 1.0
YS-NB190321v	 33.33	 15.69	 13.73	 3.92	 9.8	 3.92	 3.92	 3.92	 1.96	 1.96	 5.88	 1.96	 0.0
Hfut2018GS	 26.32	 22.81	 14.04	 5.26	 1.75	 5.26	 3.51	 5.26	 5.26	 5.26	 1.75	 3.51	 0.0
YS-NB190321v	 25.0	 8.33	 16.67	 4.17	 4.17	 12.5	 4.17	 2.08	 8.33	 4.17	 4.17	 6.25	 1.0
Hfut2018GS	 33.33	 22.81	 8.77	 1.75	 3.51	 10.53	 1.75	 3.51	 1.75	 3.51	 7.02	 1.75	 0.0
YS-NB190321v	 27.45	 13.73	 11.76	 3.92	 5.88	 3.92	 9.8	 1.96	 0.0	 5.88	 1.96	 13.73	 2.0
Hfut2018GS	 26.19	 21.43	 4.76	 4.76	 0.0	 4.76	 7.14	 4.76	 16.67	 0.0	 7.14	 2.38	 2.0
YS-NB190321v	 26.67	 18.33	 15.0	 6.67	 6.67	 5.0	 3.33	 1.67	 6.67	 5.0	 1.67	 3.33	 1.0
Hfut2018GS	 26.79	 23.21	 7.14	 1.79	 0.0	 3.57	 3.57	 7.14	 14.29	 3.57	 5.36	 3.57	 1.0
YS-NB190321v	 25.0	 9.38	 6.25	 18.75	 0.0	 6.25	 9.38	 6.25	 3.12	 3.12	 3.12	 9.38	 1.0
Hfut2018GS	 15.22	 21.74	 13.04	 15.22	 2.17	 4.35	 2.17	 2.17	 8.7	 6.52	 4.35	 4.35	 0.0
YS-NB190321v	 33.33	 13.73	 11.76	 7.84	 1.96	 7.84	 7.84	 5.88	 1.96	 3.92	 1.96	 1.96	 2.0
Hfut2018GS	 28.89	 11.11	 13.33	 8.89	 8.89	 2.22	 8.89	 4.44	 2.22	 2.22	 4.44	 4.44	 0.0
YS-NB190321v	 22.64	 16.98	 9.43	 5.66	 7.55	 7.55	 7.55	 1.89	 7.55	 11.32	 1.89	 0.0	 4.0
Hfut2018GS	 21.67	 23.33	 8.33	 11.67	 5.0	 8.33	 1.67	 3.33	 0.0	 5.0	 5.0	 6.67	 1.0
YS-NB190321v	 20.0	 16.67	 3.33	 10.0	 16.67	 0.0	 10.0	 3.33	 6.67	 3.33	 6.67	 3.33	 2.0
Hfut2018GS	 23.08	 5.13	 23.08	 2.56	 12.82	 5.13	 0.0	 2.56	 5.13	 7.69	 0.0	 12.82	 1.0
YS-NB190321v	 25.71	 14.29	 5.71	 5.71	 5.71	 8.57	 11.43	 2.86	 0.0	 5.71	 8.57	 5.71	 1.0
Hfut2018GS	 14.89	 10.64	 12.77	 14.89	 8.51	 4.26	 2.13	 4.26	 8.51	 8.51	 4.26	 6.38	 1.0
YS-NB190321v	 23.68	 10.53	 7.89	 5.26	 7.89	 10.53	 2.63	 5.26	 2.63	 0.0	 13.16	 10.53	 0.0
Hfut2018GS	 37.74	 13.21	 7.55	 1.89	 5.66	 5.66	 7.55	 0.0	 3.77	 7.55	 7.55	 1.89	 2.0
YS-NB190321v	 11.11	 11.11	 0.0	 11.11	 33.33	 11.11	 0.0	 0.0	 0.0	 11.11	 11.11	 0.0	 1.0
Hfut2018GS	 21.74	 26.09	 10.87	 4.35	 6.52	 4.35	 13.04	 2.17	 2.17	 2.17	 4.35	 2.17	 2.0
YS-NB190321v	 21.88	 21.88	 9.38	 3.12	 9.38	 15.62	 3.12	 6.25	 0.0	 3.12	 0.0	 6.25	 2.0
Hfut2018GS	 35.29	 16.18	 1.47	 5.88	 4.41	 4.41	 2.94	 4.41	 4.41	 5.88	 5.88	 8.82	 1.0
YS-NB190321v	 23.08	 23.08	 11.54	 7.69	 7.69	 11.54	 0.0	 3.85	 3.85	 3.85	 3.85	 0.0	 1.0
Hfut2018GS	 35.0	 18.33	 3.33	 10.0	 10.0	 3.33	 5.0	 3.33	 3.33	 6.67	 0.0	 1.67	 0.0
YS-NB190321v	 16.42	 19.4	 19.4	 8.96	 7.46	 5.97	 5.97	 4.48	 2.99	 0.0	 5.97	 2.99	 1.0
Hfut2018GS	 25.0	 23.21	 7.14	 7.14	 3.57	 8.93	 3.57	 3.57	 5.36	 0.0	 10.71	 1.79	 2.0
YS-NB190321v	 25.0	 12.5	 12.5	 10.0	 7.5	 2.5	 5.0	 0.0	 7.5	 10.0	 5.0	 2.5	 1.0
Hfut2018GS	 20.75	 22.64	 13.21	 3.77	 5.66	 5.66	 5.66	 7.55	 3.77	 3.77	 3.77	 3.77	 0.0
YS-NB190321v	 31.25	 16.67	 16.67	 4.17	 4.17	 4.17	 6.25	 0.0	 6.25	 4.17	 2.08	 4.17	 0.0
Hfut2018GS	 27.27	 21.21	 9.09	 12.12	 3.03	 6.06	 3.03	 3.03	 3.03	 6.06	 6.06	 0.0	 0.0
YS-NB190321v	 30.95	 11.9	 4.76	 16.67	 11.9	 2.38	 7.14	 0.0	 0.0	 2.38	 2.38	 9.52	 2.0
Hfut2018GS	 30.14	 21.92	 10.96	 6.85	 4.11	 5.48	 5.48	 4.11	 5.48	 2.74	 0.0	 2.74	 2.0
YS-NB190321v	 28.26	 21.74	 13.04	 6.52	 4.35	 0.0	 4.35	 2.17	 2.17	 4.35	 2.17	 10.87	 0.0
Hfut2018GS	 22.45	 22.45	 4.08	 6.12	 8.16	 6.12	 4.08	 4.08	 6.12	 12.24	 2.04	 2.04	 1.0
YS-NB190321v	 25.0	 19.64	 8.93	 7.14	 14.29	 3.57	 5.36	 3.57	 0.0	 1.79	 5.36	 5.36	 1.0
Hfut2018GS	 37.5	 20.83	 12.5	 5.56	 4.17	 4.17	 1.39	 1.39	 4.17	 2.78	 1.39	 4.17	 0.0
YS-NB190321v	 20.34	 16.95	 6.78	 10.17	 10.17	 5.08	 1.69	 6.78	 8.47	 6.78	 3.39	 3.39	 0.0
Hfut2018GS	 24.56	 24.56	 10.53	 3.51	 7.02	 5.26	 3.51	 1.75	 5.26	 7.02	 1.75	 5.26	 1.0
YS-NB190321v	 20.0	 7.69	 18.46	 13.85	 4.62	 6.15	 6.15	 9.23	 3.08	 4.62	 1.54	 4.62	 0.0
Hfut2018GS	 18.18	 18.18	 15.15	 6.06	 3.03	 3.03	 15.15	 12.12	 3.03	 0.0	 6.06	 0.0	 1.0
YS-NB190321v	 30.91	 7.27	 7.27	 10.91	 9.09	 3.64	 1.82	 7.27	 3.64	 3.64	 5.45	 9.09	 1.0
Hfut2018GS	 20.83	 22.92	 12.5	 4.17	 10.42	 4.17	 4.17	 6.25	 2.08	 2.08	 0.0	 10.42	 0.0
YS-NB190321v	 26.09	 8.7	 8.7	 4.35	 17.39	 4.35	 8.7	 4.35	 4.35	 4.35	 6.52	 2.17	 0.0
Hfut2018GS	 25.64	 5.13	 15.38	 5.13	 15.38	 7.69	 2.56	 5.13	 2.56	 10.26	 2.56	 2.56	 0.0
YS-NB190321v	 37.21	 6.98	 9.3	 11.63	 0.0	 2.33	 6.98	 4.65	 2.33	 9.3	 6.98	 2.33	 3.0
Hfut2018GS	 33.33	 14.58	 2.08	 10.42	 4.17	 4.17	 6.25	 2.08	 6.25	 2.08	 8.33	 6.25	 0.0
YS-NB190321v	 28.07	 5.26	 8.77	 3.51	 7.02	 17.54	 7.02	 7.02	 5.26	 1.75	 1.75	 7.02	 0.0
Hfut2018GS	 21.74	 10.87	 13.04	 4.35	 0.0	 15.22	 6.52	 13.04	 2.17	 4.35	 2.17	 6.52	 1.0
YS-NB190321v	 28.95	 10.53	 18.42	 5.26	 7.89	 5.26	 7.89	 2.63	 0.0	 2.63	 7.89	 2.63	 1.0
Hfut2018GS	 14.29	 16.67	 14.29	 9.52	 4.76	 4.76	 2.38	 11.9	 2.38	 11.9	 2.38	 4.76	 0.0
YS-NB190321v	 24.07	 9.26	 11.11	 12.96	 5.56	 7.41	 7.41	 0.0	 5.56	 7.41	 3.7	 5.56	 2.0
Hfut2018GS	 32.0	 14.0	 10.0	 12.0	 8.0	 0.0	 2.0	 4.0	 2.0	 4.0	 4.0	 8.0	 1.0
YS-NB190321v	 39.68	 14.29	 14.29	 4.76	 6.35	 3.17	 6.35	 3.17	 1.59	 1.59	 1.59	 3.17	 0.0
Hfut2018GS	 17.07	 17.07	 14.63	 2.44	 14.63	 4.88	 12.2	 2.44	 4.88	 7.32	 0.0	 2.44	 0.0
YS-NB190321v	 36.36	 17.36	 5.79	 12.4	 4.13	 2.48	 4.96	 3.31	 5.79	 4.13	 1.65	 1.65	 1.0
MT2018SS	 15.79	 19.3	 17.54	 8.77	 0.0	 12.28	 7.02	 5.26	 3.51	 7.02	 1.75	 1.75	 1.0
YS-NB190321v	 40.0	 0.0	 17.78	 4.44	 8.89	 6.67	 4.44	 0.0	 4.44	 2.22	 2.22	 8.89	 1.0
MT2018SS	 24.19	 25.81	 3.23	 11.29	 4.84	 3.23	 6.45	 1.61	 6.45	 1.61	 8.06	 3.23	 3.0
YS-NB190321v	 30.61	 12.24	 13.27	 7.14	 7.14	 4.08	 5.1	 6.12	 1.02	 2.04	 8.16	 3.06	 1.0
MT2018SS	 27.91	 16.28	 13.95	 6.98	 6.98	 0.0	 4.65	 2.33	 9.3	 2.33	 6.98	 2.33	 0.0
YS-NB190321v	 23.44	 21.88	 14.06	 3.12	 4.69	 4.69	 3.12	 6.25	 4.69	 3.12	 7.81	 3.12	 0.0
MT2018SS	 9.52	 16.67	 9.52	 9.52	 23.81	 4.76	 4.76	 0.0	 4.76	 7.14	 7.14	 2.38	 0.0
YS-NB190321v	 36.17	 18.09	 11.7	 4.26	 2.13	 1.06	 5.32	 5.32	 5.32	 1.06	 3.19	 6.38	 3.0
MT2018SS	 25.58	 16.28	 11.63	 6.98	 4.65	 9.3	 6.98	 9.3	 2.33	 2.33	 0.0	 4.65	 1.0
