CYRUS2018	 25.0	 12.5	 25.0	 0.0	 6.25	 18.75	 6.25	 0.0	 0.0	 0.0	 0.0	 6.25	 0.0
AHUT-SC	 47.42	 15.46	 13.4	 2.06	 6.19	 6.19	 2.06	 0.0	 2.06	 1.03	 3.09	 1.03	 2.0
CYRUS2018	 15.0	 10.0	 20.0	 25.0	 10.0	 5.0	 10.0	 5.0	 0.0	 0.0	 0.0	 0.0	 0.0
AHUT-SC	 41.28	 12.84	 9.17	 8.26	 3.67	 7.34	 2.75	 6.42	 3.67	 3.67	 0.0	 0.92	 1.0
CYRUS2018	 32.14	 7.14	 3.57	 10.71	 0.0	 10.71	 3.57	 7.14	 7.14	 3.57	 10.71	 3.57	 2.0
AHUT-SC	 33.9	 21.19	 11.86	 6.78	 4.24	 4.24	 1.69	 4.24	 3.39	 3.39	 3.39	 1.69	 0.0
CYRUS2019	 20.0	 0.0	 0.0	 20.0	 0.0	 20.0	 0.0	 0.0	 20.0	 0.0	 20.0	 0.0	 1.0
AHUT-SC	 43.02	 17.44	 9.3	 6.98	 2.33	 3.49	 2.33	 3.49	 3.49	 2.33	 1.16	 4.65	 2.0
CYRUS2019	 25.0	 20.83	 20.83	 0.0	 8.33	 4.17	 8.33	 0.0	 4.17	 4.17	 4.17	 0.0	 0.0
AHUT-SC	 46.91	 13.58	 6.17	 4.94	 6.17	 4.94	 4.94	 1.23	 3.7	 4.94	 1.23	 1.23	 0.0
CYRUS2019	 33.33	 33.33	 4.76	 4.76	 0.0	 0.0	 9.52	 0.0	 0.0	 0.0	 9.52	 4.76	 0.0
AHUT-SC	 32.89	 15.79	 5.26	 9.21	 5.26	 7.89	 5.26	 5.26	 0.0	 3.95	 3.95	 5.26	 2.0
Fractals2019	 17.39	 30.43	 8.7	 8.7	 0.0	 13.04	 0.0	 0.0	 8.7	 4.35	 0.0	 8.7	 0.0
AHUT-SC	 32.08	 20.75	 13.21	 4.72	 3.77	 0.94	 4.72	 4.72	 2.83	 4.72	 3.77	 3.77	 0.0
Fractals2019	 30.77	 15.38	 11.54	 23.08	 11.54	 0.0	 0.0	 0.0	 0.0	 0.0	 3.85	 3.85	 0.0
AHUT-SC	 30.51	 23.73	 6.78	 6.78	 3.39	 5.08	 6.78	 3.39	 0.0	 3.39	 3.39	 6.78	 1.0
Fractals2019	 20.0	 25.0	 25.0	 0.0	 5.0	 10.0	 10.0	 5.0	 0.0	 0.0	 0.0	 0.0	 0.0
AHUT-SC	 35.09	 22.81	 8.77	 7.02	 3.51	 1.75	 5.26	 1.75	 5.26	 1.75	 1.75	 5.26	 2.0
HELIOS2018	 16.67	 22.22	 16.67	 5.56	 0.0	 22.22	 5.56	 5.56	 0.0	 0.0	 0.0	 5.56	 2.0
AHUT-SC	 31.58	 21.05	 7.89	 7.02	 7.89	 5.26	 1.75	 6.14	 1.75	 4.39	 1.75	 3.51	 0.0
HELIOS2018	 35.0	 20.0	 20.0	 5.0	 5.0	 0.0	 0.0	 0.0	 5.0	 5.0	 5.0	 0.0	 2.0
AHUT-SC	 25.86	 20.69	 8.62	 6.9	 5.17	 10.34	 0.0	 1.72	 1.72	 1.72	 6.9	 10.34	 0.0
HELIOS2018	 17.39	 8.7	 4.35	 8.7	 17.39	 8.7	 4.35	 4.35	 8.7	 8.7	 8.7	 0.0	 1.0
AHUT-SC	 37.8	 22.83	 8.66	 4.72	 3.15	 5.51	 3.94	 4.72	 2.36	 3.15	 1.57	 1.57	 0.0
HELIOS2019	 20.0	 16.0	 12.0	 8.0	 4.0	 0.0	 24.0	 4.0	 4.0	 4.0	 4.0	 0.0	 0.0
AHUT-SC	 40.43	 23.4	 6.38	 4.26	 2.13	 0.0	 0.0	 4.26	 0.0	 4.26	 12.77	 2.13	 1.0
HELIOS2019	 37.04	 11.11	 14.81	 0.0	 7.41	 7.41	 3.7	 7.41	 7.41	 3.7	 0.0	 0.0	 1.0
AHUT-SC	 39.22	 15.69	 9.8	 7.84	 0.0	 1.96	 7.84	 1.96	 1.96	 1.96	 3.92	 7.84	 0.0
HELIOS2019	 50.0	 8.82	 8.82	 8.82	 5.88	 0.0	 2.94	 2.94	 5.88	 2.94	 0.0	 2.94	 0.0
AHUT-SC	 29.17	 13.89	 9.72	 6.94	 4.17	 4.17	 11.11	 9.72	 0.0	 1.39	 4.17	 5.56	 0.0
MT2018SJB	 18.18	 13.64	 13.64	 4.55	 0.0	 9.09	 4.55	 9.09	 9.09	 4.55	 9.09	 4.55	 0.0
AHUT-SC	 48.72	 15.38	 2.56	 5.13	 5.13	 2.56	 7.69	 7.69	 0.0	 0.0	 5.13	 0.0	 2.0
MT2018SJB	 58.06	 12.9	 9.68	 3.23	 3.23	 3.23	 3.23	 3.23	 3.23	 0.0	 0.0	 0.0	 0.0
AHUT-SC	 33.33	 14.29	 14.29	 11.9	 4.76	 2.38	 0.0	 2.38	 4.76	 0.0	 0.0	 11.9	 1.0
MT2018SJB	 30.0	 30.0	 0.0	 10.0	 0.0	 5.0	 5.0	 0.0	 0.0	 15.0	 0.0	 5.0	 0.0
AHUT-SC	 28.57	 16.33	 8.16	 4.08	 14.29	 4.08	 2.04	 6.12	 0.0	 8.16	 2.04	 6.12	 4.0
YS-NB190321nv	 38.89	 18.52	 1.85	 9.26	 11.11	 1.85	 3.7	 7.41	 3.7	 1.85	 0.0	 1.85	 3.0
Alice	 34.78	 17.39	 4.35	 4.35	 4.35	 13.04	 4.35	 8.7	 4.35	 0.0	 4.35	 0.0	 0.0
YS-NB190321nv	 28.21	 7.69	 7.69	 12.82	 12.82	 2.56	 10.26	 0.0	 7.69	 2.56	 0.0	 7.69	 0.0
Alice	 22.73	 4.55	 22.73	 0.0	 0.0	 9.09	 9.09	 13.64	 4.55	 0.0	 9.09	 4.55	 2.0
YS-NB190321nv	 34.38	 21.88	 12.5	 6.25	 3.12	 0.0	 9.38	 3.12	 6.25	 0.0	 3.12	 0.0	 0.0
Alice	 18.75	 25.0	 6.25	 0.0	 6.25	 0.0	 6.25	 6.25	 6.25	 0.0	 25.0	 0.0	 2.0
YS-NB190321nv	 32.76	 12.07	 10.34	 3.45	 10.34	 15.52	 6.9	 1.72	 1.72	 1.72	 3.45	 0.0	 0.0
Alice	 30.43	 26.09	 0.0	 8.7	 4.35	 4.35	 0.0	 4.35	 4.35	 13.04	 4.35	 0.0	 1.0
YS-NB190321nv	 24.44	 15.56	 11.11	 8.89	 2.22	 13.33	 8.89	 4.44	 2.22	 4.44	 2.22	 2.22	 0.0
Alice	 31.58	 10.53	 7.89	 7.89	 15.79	 2.63	 2.63	 5.26	 2.63	 2.63	 7.89	 2.63	 3.0
YS-NB190321nv	 31.25	 20.31	 14.06	 7.81	 6.25	 6.25	 4.69	 1.56	 3.12	 1.56	 3.12	 0.0	 0.0
Alice	 28.57	 19.05	 9.52	 4.76	 0.0	 4.76	 9.52	 4.76	 4.76	 4.76	 9.52	 0.0	 0.0
YS-NB190321nv	 44.19	 18.6	 6.98	 0.0	 2.33	 9.3	 4.65	 2.33	 2.33	 2.33	 2.33	 4.65	 1.0
Alice	 27.27	 4.55	 27.27	 0.0	 9.09	 4.55	 13.64	 4.55	 4.55	 0.0	 0.0	 4.55	 1.0
YS-NB190321nv	 31.71	 17.07	 4.88	 7.32	 7.32	 7.32	 4.88	 0.0	 0.0	 2.44	 9.76	 7.32	 1.0
Alice	 33.33	 0.0	 11.11	 0.0	 0.0	 11.11	 11.11	 0.0	 0.0	 22.22	 0.0	 11.11	 1.0
YS-NB190321nv	 36.96	 15.22	 10.87	 10.87	 4.35	 4.35	 8.7	 4.35	 0.0	 2.17	 0.0	 2.17	 0.0
Alice	 5.56	 22.22	 16.67	 5.56	 11.11	 5.56	 0.0	 11.11	 0.0	 5.56	 5.56	 11.11	 0.0
YS-NB190321nv	 35.82	 8.96	 8.96	 7.46	 10.45	 4.48	 11.94	 2.99	 2.99	 1.49	 2.99	 1.49	 0.0
Alice	 27.78	 16.67	 5.56	 16.67	 5.56	 16.67	 0.0	 0.0	 5.56	 0.0	 0.0	 5.56	 1.0
YS-NB190321nv	 33.33	 11.11	 3.7	 0.0	 7.41	 7.41	 7.41	 7.41	 3.7	 11.11	 3.7	 3.7	 2.0
Alice	 50.0	 0.0	 11.11	 11.11	 0.0	 5.56	 0.0	 0.0	 11.11	 5.56	 5.56	 0.0	 1.0
YS-NB190321nv	 45.0	 5.0	 10.0	 0.0	 10.0	 0.0	 5.0	 0.0	 5.0	 0.0	 5.0	 15.0	 0.0
Alice	 11.11	 16.67	 16.67	 5.56	 5.56	 16.67	 0.0	 5.56	 16.67	 5.56	 0.0	 0.0	 1.0
YS-NB190321nv	 37.74	 18.87	 15.09	 3.77	 0.0	 5.66	 3.77	 0.0	 1.89	 5.66	 3.77	 3.77	 2.0
Alice	 35.0	 10.0	 5.0	 5.0	 0.0	 10.0	 5.0	 10.0	 10.0	 5.0	 0.0	 5.0	 1.0
YS-NB190321nv	 36.11	 22.22	 8.33	 2.78	 5.56	 8.33	 0.0	 2.78	 5.56	 0.0	 2.78	 5.56	 0.0
Alice	 30.0	 0.0	 0.0	 20.0	 0.0	 10.0	 0.0	 20.0	 0.0	 10.0	 0.0	 10.0	 1.0
YS-NB190321nv	 36.67	 16.67	 13.33	 3.33	 3.33	 10.0	 6.67	 3.33	 0.0	 3.33	 0.0	 3.33	 0.0
Alice	 24.14	 13.79	 20.69	 6.9	 6.9	 6.9	 6.9	 0.0	 6.9	 0.0	 3.45	 3.45	 0.0
YS-NB190321nv	 29.73	 16.22	 13.51	 5.41	 2.7	 2.7	 5.41	 8.11	 2.7	 2.7	 2.7	 8.11	 0.0
Alice	 36.0	 12.0	 4.0	 12.0	 12.0	 8.0	 4.0	 4.0	 4.0	 0.0	 0.0	 4.0	 2.0
YS-NB190321nv	 30.77	 12.82	 15.38	 0.0	 7.69	 12.82	 0.0	 5.13	 5.13	 5.13	 2.56	 2.56	 2.0
Alice	 24.0	 24.0	 16.0	 0.0	 16.0	 4.0	 8.0	 0.0	 0.0	 8.0	 0.0	 0.0	 0.0
YS-NB190321nv	 27.91	 11.63	 20.93	 11.63	 6.98	 4.65	 4.65	 2.33	 4.65	 0.0	 2.33	 2.33	 1.0
Alice	 21.05	 10.53	 21.05	 5.26	 5.26	 0.0	 5.26	 5.26	 15.79	 5.26	 5.26	 0.0	 0.0
YS-NB190321nv	 42.31	 21.15	 11.54	 5.77	 1.92	 0.0	 1.92	 3.85	 7.69	 1.92	 0.0	 1.92	 0.0
Alice	 12.5	 25.0	 6.25	 0.0	 0.0	 12.5	 12.5	 0.0	 0.0	 12.5	 6.25	 12.5	 2.0
YS-NB190321nv	 53.66	 17.07	 2.44	 2.44	 4.88	 7.32	 2.44	 0.0	 0.0	 4.88	 0.0	 4.88	 0.0
Alice	 33.33	 8.33	 4.17	 20.83	 8.33	 0.0	 8.33	 8.33	 0.0	 0.0	 0.0	 8.33	 1.0
YS-NB190321nv	 23.91	 17.39	 13.04	 8.7	 8.7	 2.17	 4.35	 4.35	 10.87	 6.52	 0.0	 0.0	 1.0
Alice	 27.27	 9.09	 9.09	 9.09	 0.0	 9.09	 0.0	 9.09	 27.27	 0.0	 0.0	 0.0	 1.0
YS-NB190321nv	 47.27	 12.73	 12.73	 5.45	 1.82	 0.0	 5.45	 3.64	 1.82	 1.82	 1.82	 5.45	 0.0
Alice	 23.81	 28.57	 9.52	 0.0	 4.76	 0.0	 0.0	 9.52	 14.29	 0.0	 4.76	 4.76	 0.0
YS-NB190321nv	 24.32	 18.92	 16.22	 13.51	 2.7	 2.7	 2.7	 8.11	 0.0	 5.41	 0.0	 5.41	 1.0
Alice	 27.78	 16.67	 5.56	 22.22	 11.11	 0.0	 0.0	 5.56	 5.56	 0.0	 0.0	 5.56	 3.0
YS-NB190321nv	 48.89	 4.44	 6.67	 11.11	 8.89	 2.22	 0.0	 11.11	 4.44	 2.22	 0.0	 0.0	 0.0
Alice	 17.86	 17.86	 21.43	 3.57	 7.14	 3.57	 10.71	 7.14	 3.57	 3.57	 3.57	 0.0	 1.0
YS-NB190321nv	 39.39	 9.09	 15.15	 15.15	 9.09	 0.0	 3.03	 0.0	 3.03	 3.03	 0.0	 3.03	 1.0
Alice	 30.0	 20.0	 0.0	 0.0	 20.0	 0.0	 20.0	 0.0	 0.0	 10.0	 0.0	 0.0	 0.0
YS-NB190321nv	 21.28	 25.53	 12.77	 6.38	 8.51	 2.13	 0.0	 10.64	 0.0	 2.13	 2.13	 8.51	 0.0
Alice	 28.0	 16.0	 12.0	 8.0	 8.0	 0.0	 8.0	 4.0	 4.0	 4.0	 8.0	 0.0	 2.0
YS-NB190321nv	 22.22	 11.11	 16.67	 5.56	 13.89	 8.33	 5.56	 5.56	 5.56	 2.78	 0.0	 2.78	 2.0
Alice	 26.67	 13.33	 6.67	 6.67	 0.0	 6.67	 13.33	 6.67	 0.0	 0.0	 6.67	 13.33	 2.0
YS-NB190321nv	 38.64	 11.36	 4.55	 9.09	 4.55	 6.82	 6.82	 6.82	 2.27	 0.0	 6.82	 2.27	 0.0
Alice	 20.69	 13.79	 24.14	 0.0	 6.9	 6.9	 6.9	 0.0	 10.34	 6.9	 0.0	 3.45	 1.0
YS-NB190321nv	 39.13	 4.35	 4.35	 0.0	 8.7	 8.7	 8.7	 8.7	 8.7	 4.35	 0.0	 4.35	 0.0
Alice	 10.0	 15.0	 25.0	 5.0	 0.0	 0.0	 5.0	 5.0	 5.0	 5.0	 10.0	 15.0	 2.0
YS-NB190321nv	 42.86	 14.29	 10.2	 4.08	 6.12	 6.12	 2.04	 2.04	 0.0	 4.08	 8.16	 0.0	 1.0
Alice	 22.22	 7.41	 25.93	 14.81	 3.7	 3.7	 7.41	 11.11	 0.0	 0.0	 3.7	 0.0	 2.0
YS-NB190321nv	 40.0	 15.0	 7.5	 12.5	 7.5	 5.0	 7.5	 0.0	 0.0	 0.0	 5.0	 0.0	 0.0
Alice	 33.33	 11.11	 0.0	 11.11	 18.52	 11.11	 3.7	 0.0	 3.7	 3.7	 3.7	 0.0	 2.0
YS-NB190321nv	 33.33	 15.15	 15.15	 6.06	 9.09	 6.06	 3.03	 3.03	 3.03	 3.03	 3.03	 0.0	 1.0
Alice	 16.67	 16.67	 16.67	 16.67	 8.33	 8.33	 8.33	 0.0	 0.0	 0.0	 0.0	 8.33	 2.0
YS-NB190321nv	 37.74	 13.21	 13.21	 9.43	 1.89	 3.77	 3.77	 5.66	 3.77	 1.89	 1.89	 3.77	 0.0
Alice	 13.33	 33.33	 6.67	 6.67	 0.0	 0.0	 13.33	 0.0	 0.0	 13.33	 6.67	 6.67	 3.0
YS-NB190321nv	 48.0	 18.0	 4.0	 4.0	 4.0	 4.0	 6.0	 2.0	 6.0	 2.0	 2.0	 0.0	 1.0
Alice	 23.53	 17.65	 5.88	 5.88	 17.65	 0.0	 0.0	 0.0	 5.88	 5.88	 0.0	 17.65	 1.0
YS-NB190321nv	 31.25	 18.75	 10.42	 6.25	 6.25	 6.25	 8.33	 2.08	 4.17	 4.17	 0.0	 2.08	 0.0
Alice	 32.26	 16.13	 12.9	 0.0	 3.23	 3.23	 6.45	 6.45	 3.23	 6.45	 9.68	 0.0	 0.0
YS-NB190321nv	 33.96	 18.87	 9.43	 7.55	 7.55	 1.89	 3.77	 5.66	 0.0	 5.66	 3.77	 1.89	 1.0
Alice	 30.43	 8.7	 17.39	 0.0	 8.7	 13.04	 0.0	 8.7	 4.35	 0.0	 4.35	 4.35	 1.0
YS-NB190321nv	 37.31	 13.43	 10.45	 4.48	 8.96	 2.99	 5.97	 4.48	 2.99	 4.48	 2.99	 1.49	 1.0
Alice	 23.81	 14.29	 0.0	 14.29	 9.52	 0.0	 9.52	 0.0	 4.76	 9.52	 9.52	 4.76	 0.0
YS-NB190321nv	 31.11	 17.78	 11.11	 4.44	 8.89	 6.67	 0.0	 0.0	 4.44	 2.22	 6.67	 6.67	 1.0
Alice	 22.73	 22.73	 13.64	 0.0	 4.55	 9.09	 0.0	 13.64	 0.0	 9.09	 0.0	 4.55	 1.0
YS-NB190321nv	 35.42	 16.67	 10.42	 10.42	 4.17	 2.08	 4.17	 2.08	 4.17	 4.17	 2.08	 4.17	 0.0
Hfut2018GS	 23.08	 11.54	 23.08	 3.85	 11.54	 7.69	 7.69	 3.85	 7.69	 0.0	 0.0	 0.0	 0.0
YS-NB190321nv	 33.9	 23.73	 15.25	 5.08	 1.69	 1.69	 1.69	 5.08	 5.08	 1.69	 1.69	 3.39	 0.0
Hfut2018GS	 36.36	 9.09	 13.64	 13.64	 18.18	 4.55	 4.55	 0.0	 0.0	 0.0	 0.0	 0.0	 2.0
YS-NB190321nv	 44.68	 21.28	 8.51	 2.13	 4.26	 4.26	 2.13	 6.38	 0.0	 0.0	 6.38	 0.0	 1.0
Hfut2018GS	 53.85	 15.38	 3.85	 7.69	 3.85	 0.0	 0.0	 3.85	 3.85	 0.0	 3.85	 3.85	 2.0
YS-NB190321nv	 30.56	 16.67	 8.33	 2.78	 11.11	 2.78	 5.56	 5.56	 0.0	 2.78	 5.56	 8.33	 0.0
Hfut2018GS	 8.33	 16.67	 8.33	 16.67	 0.0	 16.67	 8.33	 0.0	 0.0	 8.33	 16.67	 0.0	 1.0
YS-NB190321nv	 15.52	 29.31	 17.24	 6.9	 0.0	 8.62	 3.45	 3.45	 8.62	 3.45	 1.72	 1.72	 1.0
Hfut2018GS	 58.62	 10.34	 6.9	 6.9	 3.45	 0.0	 6.9	 0.0	 0.0	 0.0	 6.9	 0.0	 0.0
YS-NB190321nv	 52.17	 4.35	 10.87	 4.35	 6.52	 4.35	 4.35	 6.52	 0.0	 0.0	 2.17	 4.35	 1.0
Hfut2018GS	 42.11	 21.05	 5.26	 0.0	 15.79	 5.26	 5.26	 0.0	 5.26	 0.0	 0.0	 0.0	 1.0
YS-NB190321nv	 35.19	 20.37	 7.41	 5.56	 1.85	 7.41	 7.41	 1.85	 3.7	 1.85	 5.56	 1.85	 1.0
Hfut2018GS	 26.53	 14.29	 22.45	 8.16	 4.08	 0.0	 10.2	 2.04	 2.04	 6.12	 2.04	 2.04	 0.0
YS-NB190321nv	 22.22	 15.28	 11.11	 9.72	 5.56	 6.94	 4.17	 8.33	 2.78	 4.17	 4.17	 5.56	 0.0
Hfut2018GS	 50.0	 10.0	 20.0	 0.0	 0.0	 0.0	 0.0	 20.0	 0.0	 0.0	 0.0	 0.0	 2.0
YS-NB190321nv	 29.69	 15.62	 9.38	 12.5	 3.12	 10.94	 3.12	 7.81	 1.56	 1.56	 3.12	 1.56	 0.0
Hfut2018GS	 23.53	 23.53	 17.65	 0.0	 11.76	 0.0	 5.88	 5.88	 0.0	 5.88	 5.88	 0.0	 0.0
YS-NB190321nv	 37.78	 24.44	 2.22	 11.11	 2.22	 4.44	 4.44	 0.0	 4.44	 2.22	 2.22	 4.44	 0.0
Hfut2018GS	 50.0	 25.0	 0.0	 0.0	 16.67	 0.0	 0.0	 8.33	 0.0	 0.0	 0.0	 0.0	 0.0
YS-NB190321nv	 42.37	 18.64	 6.78	 5.08	 0.0	 3.39	 10.17	 5.08	 0.0	 1.69	 5.08	 1.69	 0.0
Hfut2018GS	 47.37	 13.16	 7.89	 13.16	 5.26	 5.26	 2.63	 0.0	 0.0	 2.63	 0.0	 2.63	 1.0
YS-NB190321nv	 29.73	 24.32	 10.81	 16.22	 0.0	 2.7	 2.7	 0.0	 2.7	 0.0	 8.11	 2.7	 0.0
Hfut2018GS	 39.39	 15.15	 3.03	 3.03	 6.06	 6.06	 9.09	 6.06	 3.03	 6.06	 0.0	 3.03	 0.0
YS-NB190321nv	 44.74	 13.16	 10.53	 2.63	 7.89	 5.26	 2.63	 2.63	 2.63	 2.63	 0.0	 5.26	 1.0
Hfut2018GS	 43.48	 13.04	 8.7	 4.35	 0.0	 13.04	 4.35	 0.0	 0.0	 8.7	 0.0	 4.35	 2.0
YS-NB190321nv	 37.14	 17.14	 8.57	 5.71	 8.57	 8.57	 2.86	 2.86	 2.86	 0.0	 2.86	 2.86	 2.0
Hfut2018GS	 35.71	 42.86	 0.0	 0.0	 7.14	 0.0	 7.14	 0.0	 7.14	 0.0	 0.0	 0.0	 0.0
YS-NB190321nv	 40.74	 16.67	 16.67	 1.85	 3.7	 1.85	 1.85	 3.7	 1.85	 5.56	 5.56	 0.0	 0.0
Hfut2018GS	 47.83	 21.74	 4.35	 0.0	 0.0	 4.35	 0.0	 0.0	 4.35	 13.04	 0.0	 4.35	 2.0
YS-NB190321nv	 46.0	 14.0	 2.0	 6.0	 6.0	 4.0	 10.0	 4.0	 0.0	 0.0	 2.0	 6.0	 2.0
Hfut2018GS	 28.57	 25.0	 7.14	 17.86	 7.14	 0.0	 3.57	 7.14	 0.0	 0.0	 3.57	 0.0	 2.0
YS-NB190321nv	 30.43	 19.57	 8.7	 6.52	 6.52	 4.35	 4.35	 2.17	 4.35	 8.7	 4.35	 0.0	 0.0
Hfut2018GS	 31.03	 10.34	 10.34	 10.34	 0.0	 6.9	 10.34	 3.45	 3.45	 10.34	 0.0	 3.45	 1.0
YS-NB190321nv	 36.84	 7.89	 13.16	 21.05	 0.0	 2.63	 7.89	 2.63	 0.0	 5.26	 0.0	 2.63	 4.0
Hfut2018GS	 50.0	 16.67	 11.11	 11.11	 0.0	 0.0	 0.0	 0.0	 5.56	 0.0	 0.0	 5.56	 0.0
YS-NB190321nv	 36.36	 12.12	 9.09	 6.06	 3.03	 9.09	 6.06	 6.06	 0.0	 3.03	 3.03	 6.06	 0.0
Hfut2018GS	 9.52	 28.57	 14.29	 14.29	 9.52	 0.0	 4.76	 0.0	 4.76	 4.76	 0.0	 9.52	 1.0
YS-NB190321nv	 32.14	 21.43	 5.36	 3.57	 5.36	 8.93	 3.57	 5.36	 5.36	 5.36	 1.79	 1.79	 3.0
Hfut2018GS	 25.81	 9.68	 16.13	 6.45	 3.23	 6.45	 9.68	 6.45	 6.45	 6.45	 3.23	 0.0	 2.0
YS-NB190321nv	 37.74	 28.3	 7.55	 7.55	 1.89	 3.77	 1.89	 1.89	 7.55	 0.0	 1.89	 0.0	 0.0
Hfut2018GS	 26.67	 0.0	 13.33	 20.0	 0.0	 6.67	 0.0	 6.67	 6.67	 20.0	 0.0	 0.0	 0.0
YS-NB190321nv	 29.41	 32.35	 2.94	 5.88	 8.82	 0.0	 0.0	 0.0	 11.76	 2.94	 2.94	 2.94	 0.0
Hfut2018GS	 36.36	 18.18	 6.06	 9.09	 3.03	 6.06	 3.03	 6.06	 3.03	 3.03	 0.0	 6.06	 1.0
YS-NB190321nv	 32.5	 10.0	 17.5	 10.0	 5.0	 5.0	 5.0	 2.5	 5.0	 0.0	 2.5	 5.0	 0.0
Hfut2018GS	 33.33	 16.67	 16.67	 0.0	 0.0	 5.56	 11.11	 0.0	 0.0	 5.56	 0.0	 11.11	 1.0
YS-NB190321nv	 47.22	 16.67	 16.67	 5.56	 5.56	 0.0	 0.0	 5.56	 2.78	 0.0	 0.0	 0.0	 0.0
Hfut2018GS	 27.27	 30.3	 9.09	 3.03	 6.06	 9.09	 6.06	 3.03	 3.03	 3.03	 0.0	 0.0	 1.0
YS-NB190321nv	 38.1	 11.9	 19.05	 4.76	 2.38	 0.0	 4.76	 2.38	 2.38	 7.14	 4.76	 2.38	 1.0
Hfut2018GS	 61.11	 5.56	 0.0	 11.11	 0.0	 0.0	 0.0	 0.0	 5.56	 0.0	 11.11	 5.56	 1.0
YS-NB190321nv	 26.83	 24.39	 7.32	 9.76	 9.76	 2.44	 2.44	 0.0	 4.88	 4.88	 4.88	 2.44	 0.0
Hfut2018GS	 31.82	 13.64	 22.73	 4.55	 0.0	 4.55	 9.09	 0.0	 4.55	 4.55	 4.55	 0.0	 0.0
YS-NB190321nv	 32.35	 14.71	 10.29	 8.82	 4.41	 4.41	 8.82	 2.94	 0.0	 4.41	 2.94	 5.88	 0.0
Hfut2018GS	 40.0	 17.14	 14.29	 2.86	 0.0	 5.71	 0.0	 2.86	 11.43	 0.0	 5.71	 0.0	 0.0
YS-NB190321nv	 31.71	 17.07	 12.2	 6.1	 6.1	 7.32	 1.22	 2.44	 1.22	 1.22	 7.32	 6.1	 0.0
Hfut2018GS	 30.0	 25.0	 15.0	 0.0	 10.0	 0.0	 10.0	 0.0	 5.0	 5.0	 0.0	 0.0	 1.0
YS-NB190321nv	 42.86	 12.24	 6.12	 0.0	 10.2	 10.2	 6.12	 4.08	 0.0	 4.08	 2.04	 2.04	 2.0
Hfut2018GS	 25.0	 25.0	 0.0	 0.0	 16.67	 0.0	 8.33	 0.0	 0.0	 8.33	 0.0	 16.67	 1.0
YS-NB190321nv	 39.56	 16.48	 10.99	 4.4	 3.3	 4.4	 5.49	 4.4	 2.2	 2.2	 5.49	 1.1	 0.0
Hfut2018GS	 10.0	 10.0	 40.0	 0.0	 0.0	 0.0	 0.0	 10.0	 0.0	 0.0	 20.0	 10.0	 2.0
YS-NB190321nv	 21.05	 23.68	 13.16	 5.26	 10.53	 5.26	 5.26	 0.0	 5.26	 2.63	 2.63	 5.26	 3.0
Hfut2018GS	 20.0	 13.33	 13.33	 13.33	 0.0	 0.0	 13.33	 0.0	 0.0	 6.67	 13.33	 6.67	 1.0
YS-NB190321nv	 39.44	 21.13	 8.45	 11.27	 2.82	 2.82	 1.41	 2.82	 0.0	 4.23	 5.63	 0.0	 0.0
Hfut2018GS	 44.0	 8.0	 12.0	 8.0	 4.0	 0.0	 4.0	 8.0	 0.0	 12.0	 0.0	 0.0	 0.0
YS-NB190321nv	 43.59	 10.26	 12.82	 10.26	 10.26	 0.0	 2.56	 2.56	 2.56	 0.0	 2.56	 2.56	 0.0
Hfut2018GS	 48.0	 24.0	 4.0	 0.0	 4.0	 8.0	 0.0	 0.0	 0.0	 4.0	 4.0	 4.0	 2.0
YS-NB190321nv	 36.84	 21.05	 10.53	 5.26	 2.63	 7.89	 2.63	 5.26	 2.63	 2.63	 0.0	 2.63	 0.0
Hfut2018GS	 10.0	 30.0	 10.0	 0.0	 0.0	 10.0	 10.0	 0.0	 0.0	 20.0	 0.0	 10.0	 2.0
YS-NB190321nv	 31.58	 21.05	 7.02	 7.02	 0.0	 14.04	 7.02	 5.26	 0.0	 1.75	 1.75	 3.51	 0.0
Hfut2018GS	 29.41	 41.18	 5.88	 0.0	 5.88	 0.0	 0.0	 11.76	 0.0	 0.0	 0.0	 5.88	 2.0
YS-NB190321nv	 40.0	 21.82	 14.55	 3.64	 3.64	 1.82	 0.0	 0.0	 9.09	 1.82	 1.82	 1.82	 1.0
Hfut2018GS	 33.33	 14.81	 3.7	 11.11	 7.41	 7.41	 14.81	 7.41	 0.0	 0.0	 0.0	 0.0	 1.0
YS-NB190321nv	 34.04	 14.89	 12.77	 6.38	 4.26	 4.26	 2.13	 2.13	 4.26	 6.38	 6.38	 2.13	 3.0
Hfut2018GS	 40.0	 20.0	 10.0	 15.0	 0.0	 5.0	 5.0	 0.0	 0.0	 0.0	 0.0	 5.0	 2.0
YS-NB190321nv	 33.33	 20.0	 16.67	 0.0	 3.33	 0.0	 3.33	 6.67	 3.33	 0.0	 0.0	 13.33	 2.0
Hfut2018GS	 14.29	 23.81	 28.57	 0.0	 9.52	 0.0	 0.0	 0.0	 4.76	 14.29	 4.76	 0.0	 2.0
YS-NB190321nv	 43.48	 13.04	 8.7	 8.7	 2.17	 2.17	 6.52	 0.0	 6.52	 6.52	 2.17	 0.0	 1.0
MT2018SS	 22.22	 22.22	 0.0	 11.11	 5.56	 5.56	 11.11	 5.56	 0.0	 5.56	 5.56	 5.56	 0.0
YS-NB190321nv	 18.0	 20.0	 4.0	 10.0	 6.0	 6.0	 10.0	 2.0	 6.0	 6.0	 8.0	 4.0	 2.0
MT2018SS	 34.21	 18.42	 5.26	 2.63	 0.0	 2.63	 10.53	 10.53	 2.63	 7.89	 2.63	 2.63	 2.0
YS-NB190321nv	 52.78	 8.33	 13.89	 2.78	 2.78	 2.78	 0.0	 0.0	 8.33	 2.78	 2.78	 2.78	 2.0
MT2018SS	 30.3	 3.03	 3.03	 30.3	 0.0	 6.06	 15.15	 0.0	 3.03	 3.03	 3.03	 3.03	 0.0
YS-NB190321nv	 27.78	 16.67	 13.89	 11.11	 11.11	 5.56	 2.78	 2.78	 2.78	 2.78	 2.78	 0.0	 3.0
MT2018SS	 30.0	 25.0	 10.0	 0.0	 10.0	 10.0	 0.0	 0.0	 10.0	 5.0	 0.0	 0.0	 4.0
YS-NB190321nv	 22.73	 11.36	 29.55	 11.36	 6.82	 2.27	 2.27	 6.82	 0.0	 2.27	 0.0	 4.55	 1.0
MT2018SS	 37.14	 8.57	 11.43	 11.43	 5.71	 2.86	 2.86	 0.0	 8.57	 2.86	 8.57	 0.0	 0.0
YS-NB190321nv	 30.77	 11.54	 11.54	 7.69	 3.85	 7.69	 5.77	 5.77	 5.77	 5.77	 3.85	 0.0	 1.0
MT2018SS	 40.0	 8.89	 6.67	 4.44	 6.67	 6.67	 6.67	 2.22	 2.22	 8.89	 2.22	 4.44	 1.0
YS-NB190321nv	 31.11	 13.33	 13.33	 6.67	 4.44	 4.44	 6.67	 2.22	 2.22	 2.22	 6.67	 6.67	 0.0
MT2018SS	 31.03	 17.24	 3.45	 3.45	 6.9	 3.45	 3.45	 6.9	 6.9	 6.9	 3.45	 6.9	 2.0
YS-NB190321nv	 22.22	 28.89	 17.78	 11.11	 2.22	 4.44	 2.22	 0.0	 0.0	 2.22	 2.22	 6.67	 2.0
MT2018SS	 50.0	 11.11	 0.0	 0.0	 0.0	 5.56	 0.0	 16.67	 5.56	 5.56	 0.0	 5.56	 1.0
YS-NB190321nv	 38.46	 9.23	 10.77	 4.62	 4.62	 4.62	 1.54	 7.69	 9.23	 3.08	 1.54	 4.62	 0.0
MT2018SS	 39.13	 8.7	 4.35	 8.7	 0.0	 4.35	 8.7	 4.35	 4.35	 8.7	 4.35	 4.35	 0.0
YS-NB190321nv	 32.43	 16.22	 10.81	 10.81	 5.41	 10.81	 5.41	 0.0	 2.7	 0.0	 5.41	 0.0	 0.0
MT2018SS	 35.94	 15.62	 6.25	 12.5	 4.69	 1.56	 1.56	 6.25	 3.12	 3.12	 1.56	 7.81	 2.0
YS-NB190321nv	 36.36	 12.73	 5.45	 3.64	 5.45	 14.55	 9.09	 5.45	 1.82	 1.82	 1.82	 1.82	 0.0
MT2018SS	 28.0	 20.0	 4.0	 4.0	 8.0	 8.0	 4.0	 8.0	 0.0	 4.0	 4.0	 8.0	 0.0
YS-NB190321nv	 36.59	 19.51	 2.44	 4.88	 7.32	 2.44	 7.32	 0.0	 4.88	 2.44	 4.88	 7.32	 1.0
MT2018SS	 35.71	 10.71	 10.71	 7.14	 3.57	 7.14	 3.57	 7.14	 3.57	 7.14	 0.0	 3.57	 1.0
YS-NB190321nv	 30.61	 22.45	 14.29	 4.08	 4.08	 2.04	 4.08	 6.12	 4.08	 2.04	 4.08	 2.04	 1.0
MT2018SS	 36.36	 22.73	 13.64	 0.0	 0.0	 4.55	 0.0	 4.55	 0.0	 0.0	 9.09	 9.09	 2.0
YS-NB190321nv	 42.86	 10.71	 7.14	 3.57	 14.29	 0.0	 3.57	 0.0	 3.57	 7.14	 3.57	 3.57	 1.0
MT2018SS	 37.14	 14.29	 5.71	 8.57	 2.86	 8.57	 5.71	 0.0	 2.86	 0.0	 5.71	 8.57	 1.0
YS-NB190321nv	 26.92	 21.15	 9.62	 13.46	 3.85	 3.85	 3.85	 0.0	 0.0	 1.92	 5.77	 9.62	 0.0
MT2018SS	 28.12	 21.88	 6.25	 3.12	 6.25	 6.25	 6.25	 12.5	 3.12	 3.12	 3.12	 0.0	 0.0
YS-NB190321nv	 40.91	 18.18	 2.27	 4.55	 6.82	 4.55	 2.27	 6.82	 0.0	 4.55	 6.82	 2.27	 0.0
MT2018SS	 28.95	 26.32	 2.63	 5.26	 7.89	 5.26	 5.26	 5.26	 0.0	 5.26	 2.63	 5.26	 0.0
YS-NB190321nv	 32.2	 20.34	 10.17	 5.08	 6.78	 1.69	 6.78	 3.39	 5.08	 3.39	 3.39	 1.69	 0.0
MT2018SS	 28.57	 14.29	 0.0	 28.57	 7.14	 0.0	 0.0	 7.14	 7.14	 0.0	 0.0	 7.14	 0.0
YS-NB190321nv	 43.64	 14.55	 10.91	 3.64	 9.09	 1.82	 5.45	 0.0	 1.82	 3.64	 3.64	 1.82	 2.0
MT2018SS	 20.69	 20.69	 6.9	 6.9	 3.45	 6.9	 6.9	 17.24	 6.9	 0.0	 3.45	 0.0	 1.0
YS-NB190321nv	 29.33	 13.33	 13.33	 10.67	 8.0	 4.0	 2.67	 6.67	 2.67	 0.0	 8.0	 1.33	 1.0
MT2018SS	 45.45	 9.09	 12.12	 6.06	 3.03	 3.03	 12.12	 0.0	 3.03	 3.03	 3.03	 0.0	 0.0
YS-NB190321nv	 27.27	 27.27	 12.12	 12.12	 3.03	 3.03	 3.03	 3.03	 3.03	 0.0	 3.03	 3.03	 0.0
MT2018SS	 28.12	 6.25	 12.5	 9.38	 9.38	 3.12	 3.12	 0.0	 6.25	 3.12	 9.38	 9.38	 2.0
YS-NB190321nv	 27.59	 20.69	 6.9	 5.17	 13.79	 3.45	 6.9	 1.72	 5.17	 3.45	 1.72	 3.45	 0.0
MT2018SS	 42.31	 19.23	 7.69	 3.85	 0.0	 3.85	 0.0	 3.85	 3.85	 3.85	 3.85	 7.69	 1.0
YS-NB190321nv	 31.91	 12.77	 21.28	 4.26	 4.26	 0.0	 2.13	 2.13	 4.26	 8.51	 4.26	 4.26	 1.0
MT2018SS	 45.0	 12.5	 2.5	 5.0	 2.5	 7.5	 0.0	 0.0	 7.5	 5.0	 7.5	 5.0	 0.0
YS-NB190321nv	 36.36	 12.12	 13.64	 7.58	 4.55	 4.55	 3.03	 6.06	 4.55	 3.03	 4.55	 0.0	 0.0
MT2018SS	 38.24	 17.65	 2.94	 5.88	 2.94	 8.82	 2.94	 5.88	 2.94	 2.94	 2.94	 5.88	 2.0
YS-NB190321nv	 22.58	 19.35	 6.45	 0.0	 3.23	 9.68	 9.68	 3.23	 6.45	 9.68	 0.0	 9.68	 0.0
MT2018SS	 37.93	 6.9	 10.34	 10.34	 0.0	 6.9	 6.9	 0.0	 3.45	 3.45	 10.34	 3.45	 2.0
YS-NB190321nv	 22.5	 10.0	 10.0	 7.5	 10.0	 0.0	 2.5	 10.0	 0.0	 2.5	 15.0	 10.0	 1.0
MT2018SS	 48.39	 19.35	 3.23	 0.0	 3.23	 0.0	 0.0	 6.45	 3.23	 9.68	 3.23	 3.23	 2.0
YS-NB190321nv	 32.0	 14.0	 12.0	 10.0	 10.0	 6.0	 2.0	 4.0	 0.0	 4.0	 2.0	 4.0	 0.0
MT2018SS	 47.83	 17.39	 13.04	 4.35	 4.35	 0.0	 0.0	 0.0	 0.0	 8.7	 0.0	 4.35	 1.0
YS-NB190321nv	 25.93	 11.11	 18.52	 11.11	 3.7	 7.41	 0.0	 0.0	 3.7	 3.7	 0.0	 14.81	 2.0
MT2018SS	 35.48	 16.13	 12.9	 0.0	 3.23	 6.45	 3.23	 9.68	 3.23	 6.45	 3.23	 0.0	 2.0
YS-NB190321nv	 34.15	 9.76	 14.63	 4.88	 2.44	 12.2	 4.88	 2.44	 2.44	 0.0	 2.44	 9.76	 2.0
MT2018SS	 16.0	 20.0	 12.0	 12.0	 0.0	 8.0	 0.0	 8.0	 16.0	 0.0	 8.0	 0.0	 0.0
YS-NB190321nv	 23.53	 25.49	 9.8	 13.73	 7.84	 1.96	 0.0	 0.0	 5.88	 1.96	 7.84	 1.96	 1.0
MT2018SS	 32.14	 17.86	 7.14	 3.57	 10.71	 0.0	 3.57	 7.14	 10.71	 3.57	 3.57	 0.0	 1.0
YS-NB190321nv	 59.02	 9.84	 8.2	 4.92	 3.28	 6.56	 0.0	 0.0	 3.28	 1.64	 1.64	 1.64	 2.0
MT2018SS	 37.14	 11.43	 8.57	 11.43	 2.86	 2.86	 0.0	 2.86	 2.86	 5.71	 8.57	 5.71	 1.0
YS-NB190321nv	 32.26	 19.35	 6.45	 3.23	 6.45	 9.68	 9.68	 0.0	 9.68	 3.23	 0.0	 0.0	 2.0
MT2018SS	 54.17	 12.5	 4.17	 0.0	 8.33	 0.0	 0.0	 12.5	 4.17	 0.0	 4.17	 0.0	 1.0
YS-NB190321nv	 38.71	 12.9	 12.9	 6.45	 16.13	 3.23	 0.0	 3.23	 0.0	 0.0	 3.23	 3.23	 0.0
MT2018SS	 18.52	 18.52	 11.11	 3.7	 0.0	 7.41	 7.41	 3.7	 14.81	 3.7	 3.7	 7.41	 0.0
YS-NB190321nv	 40.0	 13.33	 10.0	 6.67	 16.67	 10.0	 0.0	 0.0	 0.0	 0.0	 3.33	 0.0	 0.0
MT2018SS	 30.77	 17.95	 15.38	 7.69	 5.13	 2.56	 5.13	 5.13	 2.56	 5.13	 0.0	 2.56	 1.0
YS-NB190321nv	 37.5	 27.08	 0.0	 10.42	 8.33	 2.08	 6.25	 0.0	 2.08	 6.25	 0.0	 0.0	 2.0
MT2018SS	 31.58	 5.26	 15.79	 15.79	 5.26	 5.26	 0.0	 15.79	 0.0	 5.26	 0.0	 0.0	 1.0
YS-NB190321nv	 28.81	 20.34	 10.17	 8.47	 6.78	 5.08	 5.08	 5.08	 3.39	 5.08	 0.0	 1.69	 2.0
MT2018SS	 33.33	 14.29	 14.29	 9.52	 9.52	 4.76	 9.52	 0.0	 0.0	 0.0	 4.76	 0.0	 0.0
YS-NB190321nv	 32.69	 17.31	 13.46	 5.77	 7.69	 3.85	 3.85	 1.92	 0.0	 5.77	 5.77	 1.92	 1.0
MT2018SS	 51.72	 13.79	 13.79	 0.0	 3.45	 3.45	 3.45	 3.45	 0.0	 3.45	 0.0	 3.45	 1.0
YS-NB190321nv	 42.86	 16.67	 11.9	 3.57	 2.38	 3.57	 3.57	 3.57	 2.38	 4.76	 2.38	 2.38	 0.0
MT2018SS	 15.62	 21.88	 15.62	 6.25	 9.38	 3.12	 6.25	 6.25	 6.25	 0.0	 3.12	 6.25	 0.0
YS-NB190321nv	 31.08	 12.16	 13.51	 5.41	 12.16	 5.41	 4.05	 1.35	 2.7	 2.7	 4.05	 5.41	 0.0
MT2018SS	 38.46	 0.0	 7.69	 7.69	 15.38	 0.0	 23.08	 7.69	 0.0	 0.0	 0.0	 0.0	 1.0
YS-NB190321v	 33.33	 6.67	 8.89	 15.56	 6.67	 8.89	 0.0	 4.44	 2.22	 2.22	 8.89	 2.22	 2.0
Alice	 10.53	 15.79	 10.53	 15.79	 10.53	 5.26	 0.0	 10.53	 5.26	 0.0	 10.53	 5.26	 0.0
YS-NB190321v	 50.0	 11.54	 3.85	 7.69	 3.85	 3.85	 0.0	 3.85	 0.0	 11.54	 3.85	 0.0	 0.0
Alice	 32.14	 14.29	 17.86	 3.57	 0.0	 7.14	 7.14	 0.0	 0.0	 10.71	 7.14	 0.0	 1.0
YS-NB190321v	 41.03	 15.38	 7.69	 2.56	 7.69	 5.13	 5.13	 2.56	 0.0	 2.56	 7.69	 2.56	 1.0
Alice	 23.08	 0.0	 15.38	 7.69	 0.0	 23.08	 7.69	 0.0	 7.69	 0.0	 0.0	 15.38	 3.0
YS-NB190321v	 24.32	 10.81	 10.81	 21.62	 8.11	 8.11	 2.7	 5.41	 2.7	 0.0	 5.41	 0.0	 1.0
Alice	 18.18	 31.82	 13.64	 9.09	 0.0	 0.0	 0.0	 13.64	 0.0	 9.09	 0.0	 4.55	 2.0
YS-NB190321v	 24.32	 32.43	 10.81	 5.41	 0.0	 2.7	 5.41	 8.11	 2.7	 8.11	 0.0	 0.0	 0.0
Alice	 23.53	 5.88	 5.88	 23.53	 5.88	 5.88	 11.76	 0.0	 5.88	 0.0	 0.0	 11.76	 1.0
YS-NB190321v	 38.24	 23.53	 2.94	 5.88	 2.94	 5.88	 5.88	 2.94	 5.88	 5.88	 0.0	 0.0	 0.0
Alice	 34.62	 11.54	 11.54	 11.54	 3.85	 7.69	 7.69	 0.0	 0.0	 0.0	 3.85	 7.69	 0.0
YS-NB190321v	 25.0	 20.0	 20.0	 5.0	 5.0	 2.5	 2.5	 12.5	 2.5	 2.5	 2.5	 0.0	 0.0
Alice	 29.17	 12.5	 8.33	 4.17	 4.17	 8.33	 12.5	 4.17	 0.0	 8.33	 8.33	 0.0	 1.0
YS-NB190321v	 32.43	 27.03	 10.81	 2.7	 2.7	 2.7	 5.41	 0.0	 5.41	 5.41	 5.41	 0.0	 1.0
Alice	 17.65	 17.65	 0.0	 11.76	 0.0	 29.41	 0.0	 0.0	 5.88	 11.76	 5.88	 0.0	 0.0
YS-NB190321v	 38.3	 25.53	 4.26	 2.13	 2.13	 8.51	 4.26	 0.0	 8.51	 4.26	 0.0	 2.13	 0.0
Alice	 17.65	 17.65	 11.76	 0.0	 11.76	 5.88	 5.88	 0.0	 11.76	 0.0	 17.65	 0.0	 0.0
YS-NB190321v	 35.14	 0.0	 18.92	 8.11	 13.51	 8.11	 2.7	 2.7	 2.7	 5.41	 2.7	 0.0	 0.0
Alice	 32.26	 9.68	 22.58	 3.23	 6.45	 6.45	 0.0	 0.0	 0.0	 9.68	 9.68	 0.0	 0.0
YS-NB190321v	 46.15	 15.38	 9.23	 3.08	 3.08	 7.69	 1.54	 6.15	 0.0	 0.0	 3.08	 4.62	 1.0
Alice	 33.33	 0.0	 0.0	 0.0	 0.0	 16.67	 16.67	 0.0	 16.67	 16.67	 0.0	 0.0	 1.0
YS-NB190321v	 44.19	 11.63	 6.98	 6.98	 4.65	 4.65	 6.98	 4.65	 4.65	 2.33	 0.0	 2.33	 2.0
Alice	 25.0	 12.5	 6.25	 6.25	 12.5	 12.5	 0.0	 6.25	 12.5	 0.0	 6.25	 0.0	 1.0
YS-NB190321v	 54.1	 18.03	 8.2	 1.64	 0.0	 3.28	 3.28	 6.56	 1.64	 0.0	 3.28	 0.0	 0.0
Alice	 29.17	 8.33	 12.5	 8.33	 0.0	 20.83	 8.33	 4.17	 0.0	 0.0	 8.33	 0.0	 1.0
YS-NB190321v	 19.05	 14.29	 9.52	 4.76	 14.29	 9.52	 9.52	 4.76	 4.76	 0.0	 9.52	 0.0	 0.0
Alice	 22.73	 9.09	 9.09	 9.09	 4.55	 4.55	 0.0	 0.0	 13.64	 4.55	 13.64	 9.09	 0.0
YS-NB190321v	 30.56	 11.11	 13.89	 11.11	 5.56	 8.33	 5.56	 2.78	 0.0	 2.78	 2.78	 5.56	 1.0
Alice	 29.41	 0.0	 5.88	 11.76	 5.88	 5.88	 5.88	 11.76	 5.88	 5.88	 0.0	 11.76	 1.0
YS-NB190321v	 48.72	 12.82	 12.82	 2.56	 5.13	 2.56	 2.56	 2.56	 0.0	 5.13	 2.56	 2.56	 2.0
Alice	 31.58	 10.53	 5.26	 5.26	 10.53	 5.26	 0.0	 15.79	 0.0	 5.26	 10.53	 0.0	 1.0
YS-NB190321v	 34.48	 13.79	 13.79	 3.45	 3.45	 17.24	 0.0	 0.0	 3.45	 3.45	 3.45	 3.45	 0.0
Alice	 14.29	 14.29	 7.14	 0.0	 7.14	 7.14	 7.14	 14.29	 7.14	 0.0	 14.29	 7.14	 0.0
YS-NB190321v	 43.86	 10.53	 12.28	 3.51	 8.77	 1.75	 5.26	 1.75	 3.51	 3.51	 0.0	 5.26	 0.0
Alice	 26.32	 5.26	 21.05	 10.53	 10.53	 0.0	 0.0	 0.0	 0.0	 0.0	 15.79	 10.53	 1.0
YS-NB190321v	 36.99	 15.07	 16.44	 5.48	 9.59	 4.11	 6.85	 0.0	 1.37	 1.37	 2.74	 0.0	 0.0
Alice	 25.0	 12.5	 16.67	 8.33	 4.17	 4.17	 8.33	 4.17	 4.17	 4.17	 4.17	 4.17	 0.0
YS-NB190321v	 22.86	 14.29	 14.29	 17.14	 2.86	 2.86	 8.57	 0.0	 11.43	 0.0	 0.0	 5.71	 1.0
Alice	 22.73	 9.09	 9.09	 22.73	 4.55	 0.0	 9.09	 4.55	 9.09	 4.55	 4.55	 0.0	 2.0
YS-NB190321v	 31.43	 20.0	 14.29	 2.86	 1.43	 5.71	 2.86	 7.14	 5.71	 0.0	 4.29	 4.29	 0.0
Alice	 30.0	 5.0	 5.0	 10.0	 5.0	 5.0	 20.0	 20.0	 0.0	 0.0	 0.0	 0.0	 1.0
YS-NB190321v	 37.25	 23.53	 7.84	 0.0	 5.88	 1.96	 3.92	 0.0	 3.92	 9.8	 3.92	 1.96	 0.0
Alice	 32.14	 17.86	 7.14	 7.14	 7.14	 3.57	 7.14	 0.0	 10.71	 7.14	 0.0	 0.0	 2.0
YS-NB190321v	 29.63	 7.41	 11.11	 11.11	 11.11	 14.81	 0.0	 3.7	 3.7	 0.0	 7.41	 0.0	 0.0
Alice	 26.47	 8.82	 11.76	 11.76	 8.82	 14.71	 0.0	 0.0	 5.88	 2.94	 2.94	 5.88	 0.0
YS-NB190321v	 43.9	 9.76	 4.88	 2.44	 4.88	 9.76	 4.88	 0.0	 7.32	 2.44	 4.88	 4.88	 1.0
Alice	 25.0	 12.5	 16.67	 12.5	 4.17	 8.33	 4.17	 0.0	 8.33	 4.17	 4.17	 0.0	 3.0
YS-NB190321v	 32.26	 19.35	 22.58	 3.23	 3.23	 6.45	 0.0	 0.0	 6.45	 3.23	 3.23	 0.0	 0.0
Alice	 26.32	 10.53	 15.79	 0.0	 5.26	 5.26	 5.26	 5.26	 5.26	 5.26	 15.79	 0.0	 1.0
YS-NB190321v	 39.47	 18.42	 7.89	 2.63	 10.53	 7.89	 0.0	 0.0	 2.63	 7.89	 0.0	 2.63	 0.0
Alice	 32.0	 12.0	 16.0	 8.0	 4.0	 8.0	 8.0	 0.0	 0.0	 4.0	 4.0	 4.0	 1.0
YS-NB190321v	 43.14	 15.69	 7.84	 3.92	 5.88	 0.0	 1.96	 3.92	 3.92	 3.92	 5.88	 3.92	 0.0
Alice	 32.14	 14.29	 10.71	 3.57	 3.57	 7.14	 3.57	 7.14	 3.57	 7.14	 3.57	 3.57	 1.0
YS-NB190321v	 35.56	 8.89	 8.89	 11.11	 6.67	 4.44	 2.22	 11.11	 2.22	 4.44	 2.22	 2.22	 1.0
Alice	 6.67	 26.67	 6.67	 0.0	 13.33	 6.67	 6.67	 0.0	 0.0	 20.0	 6.67	 6.67	 1.0
YS-NB190321v	 45.24	 16.67	 7.14	 4.76	 4.76	 9.52	 0.0	 4.76	 2.38	 2.38	 2.38	 0.0	 0.0
Alice	 30.43	 13.04	 0.0	 8.7	 0.0	 8.7	 8.7	 8.7	 8.7	 8.7	 4.35	 0.0	 0.0
YS-NB190321v	 31.58	 21.05	 13.16	 13.16	 2.63	 2.63	 2.63	 2.63	 5.26	 0.0	 2.63	 2.63	 0.0
Alice	 17.39	 34.78	 8.7	 8.7	 4.35	 13.04	 0.0	 8.7	 4.35	 0.0	 0.0	 0.0	 1.0
YS-NB190321v	 43.9	 12.2	 2.44	 4.88	 7.32	 9.76	 7.32	 2.44	 4.88	 4.88	 0.0	 0.0	 0.0
Alice	 21.43	 10.71	 14.29	 10.71	 7.14	 10.71	 10.71	 7.14	 0.0	 3.57	 0.0	 3.57	 2.0
YS-NB190321v	 24.32	 24.32	 8.11	 5.41	 5.41	 5.41	 8.11	 2.7	 0.0	 10.81	 2.7	 2.7	 0.0
Alice	 22.73	 22.73	 4.55	 4.55	 4.55	 4.55	 0.0	 9.09	 9.09	 4.55	 4.55	 9.09	 2.0
YS-NB190321v	 41.1	 19.18	 5.48	 10.96	 5.48	 4.11	 5.48	 0.0	 4.11	 0.0	 0.0	 4.11	 0.0
Alice	 50.0	 11.11	 0.0	 0.0	 0.0	 5.56	 5.56	 11.11	 5.56	 5.56	 0.0	 5.56	 0.0
YS-NB190321v	 33.33	 13.89	 11.11	 5.56	 2.78	 2.78	 2.78	 2.78	 5.56	 13.89	 2.78	 2.78	 0.0
Alice	 25.0	 12.5	 12.5	 6.25	 6.25	 6.25	 0.0	 12.5	 0.0	 6.25	 12.5	 0.0	 1.0
YS-NB190321v	 38.98	 23.73	 6.78	 5.08	 5.08	 5.08	 3.39	 1.69	 1.69	 5.08	 1.69	 1.69	 0.0
Alice	 16.13	 29.03	 9.68	 16.13	 6.45	 3.23	 3.23	 6.45	 0.0	 0.0	 3.23	 6.45	 0.0
YS-NB190321v	 28.3	 18.87	 13.21	 5.66	 3.77	 5.66	 11.32	 3.77	 0.0	 5.66	 1.89	 1.89	 1.0
Alice	 4.35	 30.43	 13.04	 8.7	 0.0	 8.7	 4.35	 8.7	 8.7	 4.35	 4.35	 4.35	 1.0
YS-NB190321v	 40.43	 14.89	 8.51	 0.0	 6.38	 6.38	 4.26	 4.26	 4.26	 4.26	 4.26	 2.13	 1.0
Alice	 26.67	 6.67	 6.67	 13.33	 6.67	 0.0	 13.33	 6.67	 6.67	 6.67	 6.67	 0.0	 2.0
YS-NB190321v	 33.96	 30.19	 5.66	 3.77	 3.77	 1.89	 1.89	 3.77	 7.55	 1.89	 5.66	 0.0	 0.0
Alice	 47.62	 7.14	 7.14	 4.76	 2.38	 7.14	 9.52	 4.76	 0.0	 2.38	 0.0	 7.14	 0.0
YS-NB190321v	 39.02	 19.51	 7.32	 4.88	 2.44	 4.88	 0.0	 0.0	 0.0	 4.88	 7.32	 9.76	 0.0
Alice	 26.92	 30.77	 7.69	 3.85	 7.69	 3.85	 3.85	 0.0	 7.69	 3.85	 3.85	 0.0	 0.0
YS-NB190321v	 29.63	 18.52	 18.52	 0.0	 3.7	 7.41	 11.11	 0.0	 3.7	 0.0	 3.7	 3.7	 1.0
Alice	 22.22	 16.67	 16.67	 16.67	 0.0	 11.11	 0.0	 5.56	 5.56	 0.0	 5.56	 0.0	 5.0
YS-NB190321v	 39.53	 16.28	 6.98	 4.65	 4.65	 11.63	 2.33	 2.33	 4.65	 4.65	 2.33	 0.0	 0.0
Alice	 19.23	 15.38	 15.38	 3.85	 3.85	 3.85	 3.85	 3.85	 3.85	 11.54	 3.85	 11.54	 1.0
YS-NB190321v	 39.34	 16.39	 13.11	 3.28	 6.56	 3.28	 1.64	 3.28	 3.28	 4.92	 1.64	 3.28	 1.0
Alice	 36.36	 9.09	 13.64	 9.09	 4.55	 4.55	 9.09	 0.0	 4.55	 0.0	 4.55	 4.55	 0.0
YS-NB190321v	 18.52	 3.7	 29.63	 18.52	 7.41	 3.7	 7.41	 7.41	 0.0	 0.0	 0.0	 3.7	 0.0
Alice	 9.09	 18.18	 0.0	 9.09	 0.0	 0.0	 0.0	 0.0	 36.36	 9.09	 9.09	 9.09	 1.0
YS-NB190321v	 45.16	 12.9	 9.68	 0.0	 9.68	 3.23	 6.45	 0.0	 0.0	 6.45	 3.23	 3.23	 0.0
Alice	 10.0	 20.0	 10.0	 10.0	 5.0	 5.0	 10.0	 10.0	 10.0	 5.0	 0.0	 5.0	 0.0
YS-NB190321v	 37.5	 20.83	 12.5	 4.17	 12.5	 4.17	 0.0	 0.0	 0.0	 0.0	 8.33	 0.0	 1.0
Hfut2018GS	 66.67	 0.0	 16.67	 0.0	 16.67	 0.0	 0.0	 0.0	 0.0	 0.0	 0.0	 0.0	 0.0
YS-NB190321v	 26.15	 15.38	 7.69	 7.69	 13.85	 7.69	 3.08	 3.08	 3.08	 4.62	 3.08	 4.62	 0.0
Hfut2018GS	 23.81	 14.29	 19.05	 0.0	 14.29	 0.0	 4.76	 4.76	 4.76	 4.76	 4.76	 4.76	 1.0
YS-NB190321v	 40.62	 18.75	 6.25	 0.0	 3.12	 3.12	 0.0	 9.38	 0.0	 3.12	 6.25	 9.38	 1.0
Hfut2018GS	 37.14	 5.71	 14.29	 14.29	 5.71	 5.71	 2.86	 5.71	 0.0	 2.86	 0.0	 5.71	 1.0
YS-NB190321v	 37.74	 18.87	 9.43	 7.55	 3.77	 5.66	 1.89	 0.0	 7.55	 1.89	 0.0	 5.66	 0.0
Hfut2018GS	 22.73	 36.36	 13.64	 0.0	 9.09	 4.55	 0.0	 0.0	 4.55	 0.0	 4.55	 4.55	 1.0
YS-NB190321v	 37.29	 11.86	 8.47	 8.47	 8.47	 3.39	 5.08	 0.0	 6.78	 5.08	 1.69	 3.39	 2.0
Hfut2018GS	 38.46	 23.08	 3.85	 7.69	 3.85	 3.85	 3.85	 3.85	 3.85	 0.0	 3.85	 3.85	 0.0
YS-NB190321v	 33.33	 25.4	 9.52	 4.76	 3.17	 4.76	 1.59	 6.35	 4.76	 1.59	 1.59	 3.17	 0.0
Hfut2018GS	 20.0	 6.67	 20.0	 13.33	 6.67	 6.67	 0.0	 6.67	 0.0	 6.67	 6.67	 6.67	 1.0
YS-NB190321v	 35.19	 27.78	 12.96	 1.85	 5.56	 5.56	 1.85	 0.0	 5.56	 1.85	 0.0	 1.85	 0.0
Hfut2018GS	 47.06	 11.76	 11.76	 0.0	 0.0	 0.0	 0.0	 5.88	 0.0	 0.0	 11.76	 11.76	 2.0
YS-NB190321v	 35.94	 20.31	 6.25	 9.38	 7.81	 4.69	 1.56	 6.25	 1.56	 1.56	 3.12	 1.56	 1.0
Hfut2018GS	 15.0	 20.0	 10.0	 15.0	 10.0	 5.0	 5.0	 10.0	 5.0	 0.0	 5.0	 0.0	 1.0
YS-NB190321v	 41.94	 16.13	 3.23	 0.0	 6.45	 6.45	 9.68	 0.0	 3.23	 6.45	 3.23	 3.23	 2.0
Hfut2018GS	 80.95	 9.52	 0.0	 0.0	 4.76	 0.0	 4.76	 0.0	 0.0	 0.0	 0.0	 0.0	 0.0
YS-NB190321v	 36.21	 13.79	 15.52	 6.9	 5.17	 6.9	 0.0	 6.9	 1.72	 3.45	 0.0	 3.45	 1.0
Hfut2018GS	 30.0	 30.0	 6.67	 10.0	 6.67	 3.33	 6.67	 0.0	 3.33	 3.33	 0.0	 0.0	 0.0
YS-NB190321v	 29.17	 14.58	 10.42	 10.42	 4.17	 4.17	 10.42	 4.17	 2.08	 2.08	 4.17	 4.17	 0.0
Hfut2018GS	 41.94	 25.81	 6.45	 0.0	 0.0	 9.68	 6.45	 6.45	 0.0	 0.0	 3.23	 0.0	 0.0
YS-NB190321v	 30.0	 13.33	 6.67	 10.0	 3.33	 10.0	 6.67	 3.33	 3.33	 10.0	 3.33	 0.0	 1.0
Hfut2018GS	 35.0	 12.5	 10.0	 7.5	 7.5	 2.5	 5.0	 2.5	 7.5	 5.0	 5.0	 0.0	 0.0
YS-NB190321v	 40.0	 10.0	 10.0	 0.0	 6.67	 3.33	 3.33	 3.33	 13.33	 0.0	 6.67	 3.33	 2.0
Hfut2018GS	 33.33	 19.05	 9.52	 9.52	 4.76	 4.76	 0.0	 4.76	 0.0	 9.52	 4.76	 0.0	 1.0
YS-NB190321v	 28.57	 22.45	 18.37	 4.08	 4.08	 2.04	 6.12	 6.12	 2.04	 0.0	 4.08	 2.04	 0.0
Hfut2018GS	 16.67	 33.33	 8.33	 8.33	 0.0	 0.0	 8.33	 0.0	 0.0	 8.33	 8.33	 8.33	 2.0
YS-NB190321v	 27.03	 29.73	 10.81	 8.11	 5.41	 8.11	 0.0	 0.0	 5.41	 0.0	 2.7	 2.7	 2.0
Hfut2018GS	 55.56	 16.67	 5.56	 0.0	 5.56	 0.0	 5.56	 5.56	 0.0	 5.56	 0.0	 0.0	 2.0
YS-NB190321v	 42.31	 19.23	 7.69	 3.85	 3.85	 3.85	 7.69	 1.92	 1.92	 3.85	 1.92	 1.92	 0.0
Hfut2018GS	 31.43	 17.14	 17.14	 17.14	 2.86	 2.86	 0.0	 2.86	 5.71	 2.86	 0.0	 0.0	 1.0
YS-NB190321v	 21.05	 21.05	 10.53	 5.26	 0.0	 5.26	 10.53	 15.79	 0.0	 10.53	 0.0	 0.0	 0.0
Hfut2018GS	 24.0	 12.0	 24.0	 8.0	 4.0	 8.0	 8.0	 4.0	 4.0	 4.0	 0.0	 0.0	 0.0
YS-NB190321v	 34.69	 18.37	 10.2	 8.16	 8.16	 12.24	 4.08	 0.0	 2.04	 0.0	 2.04	 0.0	 1.0
Hfut2018GS	 35.29	 14.71	 17.65	 0.0	 2.94	 5.88	 5.88	 5.88	 2.94	 2.94	 5.88	 0.0	 0.0
YS-NB190321v	 39.39	 15.15	 12.12	 3.03	 3.03	 3.03	 3.03	 3.03	 12.12	 3.03	 0.0	 3.03	 2.0
Hfut2018GS	 28.89	 13.33	 17.78	 6.67	 2.22	 6.67	 2.22	 2.22	 4.44	 4.44	 4.44	 6.67	 2.0
YS-NB190321v	 30.51	 15.25	 6.78	 15.25	 8.47	 3.39	 5.08	 0.0	 3.39	 3.39	 1.69	 6.78	 1.0
Hfut2018GS	 37.04	 22.22	 18.52	 3.7	 3.7	 0.0	 0.0	 0.0	 7.41	 3.7	 3.7	 0.0	 1.0
YS-NB190321v	 23.75	 13.75	 13.75	 12.5	 5.0	 3.75	 6.25	 2.5	 3.75	 3.75	 7.5	 3.75	 1.0
Hfut2018GS	 22.22	 22.22	 0.0	 0.0	 11.11	 11.11	 11.11	 0.0	 0.0	 11.11	 11.11	 0.0	 0.0
YS-NB190321v	 40.68	 16.95	 5.08	 3.39	 3.39	 5.08	 5.08	 1.69	 1.69	 5.08	 6.78	 5.08	 2.0
Hfut2018GS	 16.67	 41.67	 16.67	 8.33	 0.0	 0.0	 8.33	 0.0	 0.0	 8.33	 0.0	 0.0	 0.0
YS-NB190321v	 18.97	 22.41	 12.07	 6.9	 8.62	 8.62	 0.0	 1.72	 3.45	 10.34	 1.72	 5.17	 4.0
Hfut2018GS	 50.0	 6.25	 12.5	 0.0	 6.25	 6.25	 0.0	 0.0	 6.25	 0.0	 6.25	 6.25	 1.0
YS-NB190321v	 38.75	 17.5	 3.75	 3.75	 6.25	 7.5	 7.5	 2.5	 1.25	 5.0	 6.25	 0.0	 2.0
Hfut2018GS	 21.43	 17.86	 3.57	 14.29	 3.57	 7.14	 10.71	 7.14	 7.14	 3.57	 0.0	 3.57	 1.0
YS-NB190321v	 22.95	 14.75	 14.75	 13.11	 4.92	 3.28	 6.56	 1.64	 1.64	 3.28	 9.84	 3.28	 1.0
Hfut2018GS	 38.1	 19.05	 4.76	 0.0	 9.52	 14.29	 4.76	 0.0	 0.0	 0.0	 9.52	 0.0	 1.0
YS-NB190321v	 38.71	 16.13	 3.23	 3.23	 0.0	 3.23	 12.9	 0.0	 6.45	 6.45	 3.23	 6.45	 0.0
Hfut2018GS	 37.14	 17.14	 14.29	 0.0	 8.57	 0.0	 0.0	 0.0	 2.86	 5.71	 8.57	 5.71	 2.0
YS-NB190321v	 22.86	 22.86	 2.86	 2.86	 14.29	 2.86	 0.0	 2.86	 8.57	 2.86	 2.86	 14.29	 1.0
Hfut2018GS	 66.67	 16.67	 8.33	 0.0	 0.0	 0.0	 0.0	 0.0	 0.0	 0.0	 8.33	 0.0	 2.0
YS-NB190321v	 34.0	 8.0	 12.0	 8.0	 8.0	 4.0	 4.0	 2.0	 4.0	 6.0	 8.0	 2.0	 2.0
Hfut2018GS	 27.27	 9.09	 12.12	 6.06	 9.09	 3.03	 3.03	 6.06	 3.03	 12.12	 6.06	 3.03	 1.0
YS-NB190321v	 29.79	 12.77	 21.28	 2.13	 6.38	 4.26	 2.13	 0.0	 4.26	 8.51	 4.26	 4.26	 1.0
Hfut2018GS	 30.77	 7.69	 15.38	 19.23	 3.85	 0.0	 7.69	 3.85	 0.0	 3.85	 3.85	 3.85	 0.0
YS-NB190321v	 27.08	 18.75	 12.5	 0.0	 6.25	 4.17	 6.25	 4.17	 6.25	 2.08	 4.17	 8.33	 1.0
Hfut2018GS	 34.78	 17.39	 8.7	 17.39	 4.35	 4.35	 4.35	 0.0	 4.35	 4.35	 0.0	 0.0	 2.0
YS-NB190321v	 20.27	 29.73	 9.46	 5.41	 4.05	 4.05	 5.41	 6.76	 5.41	 1.35	 6.76	 1.35	 1.0
Hfut2018GS	 31.58	 23.68	 18.42	 7.89	 2.63	 2.63	 2.63	 0.0	 7.89	 2.63	 0.0	 0.0	 0.0
YS-NB190321v	 44.62	 16.92	 4.62	 6.15	 6.15	 1.54	 3.08	 4.62	 1.54	 3.08	 0.0	 7.69	 0.0
Hfut2018GS	 48.0	 4.0	 8.0	 8.0	 0.0	 4.0	 4.0	 8.0	 4.0	 4.0	 4.0	 4.0	 0.0
YS-NB190321v	 24.39	 17.07	 17.07	 4.88	 4.88	 2.44	 0.0	 7.32	 4.88	 9.76	 4.88	 2.44	 2.0
Hfut2018GS	 35.0	 5.0	 10.0	 15.0	 5.0	 5.0	 0.0	 5.0	 5.0	 0.0	 0.0	 15.0	 2.0
YS-NB190321v	 28.85	 23.08	 15.38	 7.69	 5.77	 3.85	 3.85	 3.85	 0.0	 0.0	 3.85	 3.85	 0.0
Hfut2018GS	 36.84	 15.79	 15.79	 7.89	 7.89	 7.89	 2.63	 0.0	 0.0	 0.0	 5.26	 0.0	 1.0
YS-NB190321v	 28.57	 21.43	 11.9	 7.14	 7.14	 2.38	 7.14	 7.14	 0.0	 0.0	 7.14	 0.0	 1.0
Hfut2018GS	 23.81	 9.52	 19.05	 4.76	 9.52	 0.0	 0.0	 9.52	 4.76	 19.05	 0.0	 0.0	 0.0
YS-NB190321v	 36.11	 9.72	 13.89	 9.72	 1.39	 2.78	 4.17	 2.78	 4.17	 2.78	 4.17	 8.33	 0.0
Hfut2018GS	 33.33	 17.95	 17.95	 5.13	 2.56	 0.0	 5.13	 7.69	 2.56	 2.56	 2.56	 2.56	 1.0
YS-NB190321v	 26.92	 13.46	 19.23	 3.85	 3.85	 5.77	 11.54	 1.92	 5.77	 3.85	 0.0	 3.85	 0.0
Hfut2018GS	 30.77	 30.77	 15.38	 7.69	 0.0	 7.69	 0.0	 0.0	 0.0	 0.0	 0.0	 7.69	 1.0
YS-NB190321v	 27.59	 25.86	 10.34	 10.34	 6.9	 1.72	 3.45	 0.0	 3.45	 5.17	 1.72	 3.45	 1.0
Hfut2018GS	 23.08	 34.62	 15.38	 3.85	 3.85	 11.54	 0.0	 3.85	 0.0	 0.0	 0.0	 3.85	 0.0
YS-NB190321v	 33.93	 17.86	 14.29	 3.57	 5.36	 8.93	 3.57	 1.79	 0.0	 5.36	 3.57	 1.79	 0.0
Hfut2018GS	 25.0	 18.75	 0.0	 18.75	 12.5	 12.5	 6.25	 0.0	 0.0	 0.0	 0.0	 6.25	 0.0
YS-NB190321v	 32.5	 17.5	 10.0	 10.0	 5.0	 5.0	 2.5	 5.0	 0.0	 2.5	 5.0	 5.0	 3.0
Hfut2018GS	 31.25	 31.25	 6.25	 6.25	 0.0	 0.0	 0.0	 6.25	 6.25	 0.0	 0.0	 12.5	 0.0
YS-NB190321v	 38.89	 19.44	 2.78	 5.56	 2.78	 2.78	 0.0	 2.78	 8.33	 5.56	 5.56	 5.56	 0.0
Hfut2018GS	 62.5	 0.0	 0.0	 0.0	 0.0	 12.5	 12.5	 0.0	 12.5	 0.0	 0.0	 0.0	 1.0
YS-NB190321v	 41.67	 12.5	 8.33	 8.33	 2.08	 4.17	 4.17	 0.0	 8.33	 8.33	 2.08	 0.0	 1.0
Hfut2018GS	 50.0	 0.0	 16.67	 0.0	 0.0	 0.0	 0.0	 0.0	 0.0	 16.67	 0.0	 16.67	 0.0
YS-NB190321v	 30.43	 21.74	 21.74	 8.7	 0.0	 8.7	 0.0	 0.0	 8.7	 0.0	 0.0	 0.0	 2.0
Hfut2018GS	 12.5	 25.0	 0.0	 25.0	 0.0	 0.0	 0.0	 12.5	 0.0	 12.5	 12.5	 0.0	 1.0
YS-NB190321v	 27.16	 20.99	 7.41	 12.35	 6.17	 7.41	 4.94	 3.7	 1.23	 2.47	 1.23	 4.94	 0.0
Hfut2018GS	 21.74	 26.09	 8.7	 8.7	 4.35	 13.04	 0.0	 4.35	 0.0	 4.35	 4.35	 4.35	 0.0
YS-NB190321v	 31.03	 20.69	 6.9	 10.34	 1.72	 5.17	 8.62	 3.45	 1.72	 5.17	 3.45	 1.72	 1.0
MT2018SS	 33.33	 9.52	 19.05	 4.76	 9.52	 0.0	 0.0	 0.0	 19.05	 0.0	 4.76	 0.0	 1.0
YS-NB190321v	 48.39	 12.9	 12.9	 3.23	 3.23	 6.45	 3.23	 3.23	 0.0	 0.0	 3.23	 3.23	 1.0
MT2018SS	 36.0	 16.0	 8.0	 8.0	 0.0	 4.0	 4.0	 4.0	 8.0	 0.0	 12.0	 0.0	 3.0
YS-NB190321v	 40.62	 9.38	 18.75	 3.12	 6.25	 6.25	 0.0	 6.25	 0.0	 0.0	 6.25	 3.12	 1.0
MT2018SS	 29.41	 17.65	 11.76	 2.94	 2.94	 11.76	 2.94	 2.94	 5.88	 5.88	 5.88	 0.0	 0.0
YS-NB190321v	 27.12	 13.56	 6.78	 6.78	 8.47	 6.78	 6.78	 3.39	 8.47	 5.08	 5.08	 1.69	 0.0
MT2018SS	 21.05	 5.26	 21.05	 15.79	 10.53	 5.26	 10.53	 5.26	 0.0	 5.26	 0.0	 0.0	 0.0
YS-NB190321v	 29.27	 7.32	 17.07	 9.76	 7.32	 4.88	 2.44	 2.44	 2.44	 7.32	 4.88	 4.88	 3.0
MT2018SS	 51.61	 3.23	 9.68	 6.45	 0.0	 6.45	 3.23	 6.45	 3.23	 0.0	 9.68	 0.0	 1.0
YS-NB190321v	 18.52	 14.81	 14.81	 11.11	 11.11	 3.7	 11.11	 3.7	 3.7	 3.7	 3.7	 0.0	 1.0
MT2018SS	 35.0	 10.0	 7.5	 10.0	 10.0	 2.5	 7.5	 5.0	 7.5	 2.5	 2.5	 0.0	 2.0
YS-NB190321v	 43.28	 13.43	 10.45	 10.45	 4.48	 2.99	 5.97	 0.0	 1.49	 2.99	 2.99	 1.49	 1.0
MT2018SS	 16.67	 21.43	 9.52	 14.29	 14.29	 2.38	 2.38	 2.38	 7.14	 2.38	 4.76	 2.38	 1.0
YS-NB190321v	 32.26	 22.58	 3.23	 6.45	 6.45	 3.23	 6.45	 3.23	 0.0	 3.23	 9.68	 3.23	 1.0
MT2018SS	 23.26	 25.58	 11.63	 4.65	 6.98	 9.3	 0.0	 6.98	 4.65	 2.33	 4.65	 0.0	 2.0
YS-NB190321v	 37.18	 15.38	 6.41	 3.85	 8.97	 5.13	 2.56	 2.56	 2.56	 3.85	 7.69	 3.85	 0.0
MT2018SS	 39.29	 28.57	 7.14	 3.57	 3.57	 3.57	 0.0	 3.57	 0.0	 10.71	 0.0	 0.0	 0.0
